-0.000429737 -0.00196206 -0.113382 0.000107079 -0.000205994 -0.000596439 
-0.000429737 -0.00196206 -0.113382 0.000107079 -0.000205994 -0.000596439 
-0.000429737 -0.00196206 -0.113382 0.000107079 -0.000205994 -0.000596439 
-0.000429737 -0.00187009 -0.0677313 0.000178465 -0.000205994 -0.000596439 
-0.000429737 -0.00173213 0.000167403 7.13861e-05 -0.00030899 -0.00038304 
-0.000429737 -0.00174746 -0.00289607 -0 -0.000240326 -0.000597112 
-0.000298948 -0.00188542 0.00217624 0.000214158 -0.000171661 -0.000703475 
-5.60527e-05 -0.00197739 0.00914021 0.000249852 -0.000171661 -0.000649621 
-7.47369e-05 -0.00197739 0.0131411 0.000214158 -0.000171661 -0.000649621 
-9.34212e-05 -0.00188542 0.0127226 0.000214158 -0.000171661 -0.000649621 
-3.73685e-05 -0.00167082 0.00925739 0.000178465 -0.000205994 -0.000542585 
-7.47369e-05 -0.00134892 0.00534016 0.000178465 -0.000240326 -0.000543258 
-5.60527e-05 -0.00127228 0.00451988 0.000178465 -0.000205994 -0.000596439 
-5.60527e-05 -0.0012876 0.00570844 0.000214158 -0.000171661 -0.000595766 
-7.47369e-05 -0.00127228 0.00914021 0.000178465 -0.000171661 -0.000703475 
-7.47369e-05 -0.0012876 0.0129403 0.000214158 -0.000171661 -0.000703475 
-7.47369e-05 -0.0012876 0.0148821 0.000214158 -0.000171661 -0.000703475 
-7.47369e-05 -0.0012876 0.0149156 0.000214158 -0.000171661 -0.000595766 
-7.47369e-05 -0.00130293 0.0135931 0.000214158 -0.000205994 -0.000542585 
-0.00013079 -0.00147155 0.0111156 0.000178465 -0.000205994 -0.000542585 
-0.000541843 -0.00213068 0.00989352 0.000178465 -0.000205994 -0.000542585 
-0.00119579 -0.0030504 0.0100777 0.000178465 -0.000205994 -0.000596439 
-0.0020179 -0.00472121 0.0111825 0.000178465 -0.000171661 -0.000595766 
-0.00313895 -0.00623875 0.0133085 0.000178465 -0.000205994 -0.000596439 
-0.00515685 -0.00728109 0.0151835 0.000178465 -0.000205994 -0.000596439 
-0.00809027 -0.00794022 0.0169747 0.000178465 -0.000205994 -0.000596439 
-0.0113787 -0.00815483 0.0188998 0.000178465 -0.000171661 -0.000595766 
-0.01491 -0.0081395 0.0221474 0.000178465 -0.000205994 -0.000596439 
-0.018815 -0.00815483 0.0272532 0.000214158 -0.000205994 -0.000596439 
-0.0227387 -0.00836943 0.0339493 0.000214158 -0.000171661 -0.000595766 
-0.0273537 -0.00913586 0.041516 0.000214158 -0.000171661 -0.000595766 
-0.0324545 -0.0104541 0.0489821 0.000214158 -0.000171661 -0.000649621 
-0.0380037 -0.0121403 0.0557117 0.000214158 -0.000171661 -0.000595766 
-0.0438893 -0.0141023 0.0614537 0.000178465 -0.000171661 -0.000595766 
-0.0500924 -0.0163863 0.0665427 0.000214158 -0.000171661 -0.000595766 
-0.0562022 -0.0190688 0.0721842 0.000214158 -0.000171661 -0.000649621 
-0.0625922 -0.0222572 0.0788301 0.000214158 -0.000171661 -0.000595766 
-0.0693185 -0.0258747 0.0862461 0.000214158 -0.000171661 -0.000595766 
-0.0767361 -0.030366 0.0940973 0.000178465 -0.000171661 -0.000595766 
-0.0848638 -0.0343821 0.102166 0.000214158 -0.000171661 -0.000595766 
-0.0936267 -0.0379996 0.110469 0.000178465 -0.000171661 -0.000595766 
-0.102875 -0.0413719 0.119275 0.000178465 -0.000205994 -0.000596439 
-0.112442 -0.0444223 0.129068 0.000178465 -0.000171661 -0.000595766 
-0.122232 -0.0474267 0.139832 0.000178465 -0.000171661 -0.000595766 
-0.132565 -0.0502472 0.151868 0.000178465 -0.000171661 -0.000595766 
-0.1437 -0.0527764 0.16526 0.000178465 -0.000171661 -0.000595766 
-0.155808 -0.0548305 0.179506 0.000178465 -0.000171661 -0.000595766 
-0.168719 -0.0568692 0.194405 0.000178465 -0.000171661 -0.000595766 
-0.18219 -0.0596743 0.209974 0.000214158 -0.000171661 -0.000595766 
-0.195792 -0.062832 0.226044 0.000178465 -0.000171661 -0.000595766 
-0.209525 -0.0663576 0.242199 0.000214158 -0.000171661 -0.000595766 
-0.223613 -0.070297 0.258738 0.000214158 -0.000171661 -0.000595766 
-0.238299 -0.0745431 0.275914 0.000178465 -0.000171661 -0.000595766 
-0.253788 -0.078973 0.293742 0.000178465 -0.000171661 -0.000595766 
-0.270155 -0.0837096 0.312223 0.000214158 -0.000171661 -0.000595766 
-0.287401 -0.0888293 0.33124 0.000178465 -0.000171661 -0.000595766 
-0.305319 -0.0941944 0.350827 0.000214158 -0.000171661 -0.000595766 
-0.32376 -0.0999273 0.3712 0.000214158 -0.000171661 -0.000595766 
-0.342856 -0.106273 0.392259 0.000178465 -0.000171661 -0.000595766 
-0.362866 -0.11265 0.414122 0.000178465 -0.000205994 -0.000542585 
-0.383886 -0.118567 0.436972 0.000178465 -0.000171661 -0.000541911 
-0.405859 -0.124116 0.461279 0.000178465 -0.000171661 -0.000541911 
-0.42871 -0.129389 0.486724 0.000178465 -0.000171661 -0.000541911 
-0.452719 -0.134585 0.513459 0.000178465 -0.000171661 -0.000541911 
-0.477831 -0.139521 0.541298 0.000214158 -0.000171661 -0.000595766 
-0.503708 -0.144242 0.570158 0.000178465 -0.000171661 -0.000595766 
-0.530034 -0.148918 0.599855 0.000178465 -0.000171661 -0.000541911 
-0.557182 -0.154252 0.630273 0.000214158 -0.000171661 -0.000541911 
-0.585358 -0.15977 0.661577 0.000178465 -0.000171661 -0.000595766 
-0.614338 -0.165595 0.693802 0.000178465 -0.000171661 -0.000541911 
-0.643915 -0.171818 0.727266 0.000214158 -0.000171661 -0.000541911 
-0.674613 -0.17818 0.761667 0.000178465 -0.000171661 -0.000541911 
-0.706227 -0.184955 0.796989 0.000178465 -0.000171661 -0.000595766 
-0.738195 -0.19196 0.832947 0.000214158 -0.000171661 -0.000541911 
-0.771136 -0.199088 0.869425 0.000178465 -0.000171661 -0.000541911 
-0.805272 -0.206308 0.906538 0.000178465 -0.000171661 -0.000541911 
-0.840118 -0.21362 0.944856 0.000178465 -0.000171661 -0.000488057 
-0.876347 -0.220855 0.984564 0.000178465 -0.000171661 -0.000541911 
-0.914033 -0.228075 1.02581 0.000178465 -0.000171661 -0.000541911 
-0.952653 -0.235248 1.06863 0.000178465 -0.000171661 -0.000541911 
-0.992618 -0.242422 1.11246 0.000178465 -0.000171661 -0.000541911 
-1.03359 -0.249535 1.15737 0.000178465 -0.000171661 -0.000541911 
-1.07576 -0.256616 1.20333 0.000178465 -0.000171661 -0.000541911 
-1.11922 -0.263683 1.25035 0.000178465 -0.000171661 -0.000488057 
-1.16371 -0.270918 1.29866 0.000178465 -0.000171661 -0.000541911 
-1.20958 -0.278291 1.34838 0.000178465 -0.000171661 -0.000541911 
-1.2565 -0.285802 1.39954 0.000178465 -0.000171661 -0.000488057 
-1.3044 -0.293114 1.45204 0.000178465 -0.000171661 -0.000541911 
-1.35321 -0.300134 1.50579 0.000178465 -0.000171661 -0.000541911 
-1.40287 -0.307063 1.5604 0.000178465 -0.000171661 -0.000541911 
-1.45369 -0.314007 1.61604 0.000178465 -0.000171661 -0.000488057 
-1.5055 -0.321135 1.67286 0.000178465 -0.000171661 -0.000541911 
-1.55849 -0.328508 1.73103 0.000178465 -0.000171661 -0.000488057 
-1.61279 -0.335911 1.79078 0.000214158 -0.000171661 -0.000541911 
-1.66848 -0.34353 1.85163 0.000178465 -0.000171661 -0.000488057 
-1.72571 -0.351347 1.9136 0.000178465 -0.000171661 -0.000488057 
-1.78418 -0.359502 1.97651 0.000178465 -0.000171661 -0.000541911 
-1.84419 -0.367596 2.04053 0.000178465 -0.000171661 -0.000488057 
-1.9054 -0.375413 2.10618 0.000178465 -0.000171661 -0.000541911 
-1.96797 -0.382679 2.17339 0.000178465 -0.000171661 -0.000488057 
-2.03187 -0.389623 2.24211 0.000178465 -0.000171661 -0.000541911 
-2.09695 -0.396352 2.31257 0.000178465 -0.000171661 -0.000488057 
-2.16343 -0.402959 2.38427 0.000178465 -0.000171661 -0.000541911 
-2.23116 -0.409473 2.45708 0.000178465 -0.000171661 -0.000488057 
-2.30023 -0.416126 2.53085 0.000178465 -0.000171661 -0.000488057 
-2.37058 -0.422671 2.60583 0.000178465 -0.000171661 -0.000488057 
-2.44225 -0.429293 2.68238 0.000178465 -0.000171661 -0.000488057 
-2.51531 -0.436007 2.76058 0.000178465 -0.000171661 -0.000488057 
-2.58962 -0.442752 2.84039 0.000178465 -0.000171661 -0.000488057 
-2.66506 -0.449435 2.92174 0.000178465 -0.000171661 -0.000488057 
-2.74165 -0.456026 3.00427 0.000178465 -0.000171661 -0.000488057 
-2.81958 -0.462357 3.08775 0.000178465 -0.000171661 -0.000488057 
-2.89888 -0.468228 3.17272 0.000178465 -0.000171661 -0.000488057 
-2.97971 -0.473746 3.2589 0.000178465 -0.000171661 -0.000488057 
-3.06216 -0.478989 3.3464 0.000178465 -0.000171661 -0.000488057 
-3.14601 -0.484139 3.43538 0.000178465 -0.000171661 -0.000488057 
-3.23123 -0.48932 3.52561 0.000178465 -0.000171661 -0.000488057 
-3.31787 -0.494455 3.61721 0.000178465 -0.000171661 -0.000488057 
-3.40591 -0.499452 3.71035 0.000178465 -0.000171661 -0.000488057 
-3.4953 -0.504296 3.80527 0.000178465 -0.000171661 -0.000488057 
-3.58629 -0.50888 3.90163 0.000178465 -0.000171661 -0.000488057 
-3.67894 -0.513064 3.99926 0.000178465 -0.000171661 -0.000488057 
-3.77298 -0.516927 4.09791 0.000178465 -0.000171661 -0.000488057 
-3.86833 -0.52056 4.19792 0.000178465 -0.000171661 -0.000488057 
-3.96485 -0.523963 4.29968 0.000178465 -0.000171661 -0.000488057 
-4.06262 -0.527075 4.40324 0.000178465 -0.000171661 -0.000488057 
-4.16188 -0.529956 4.5081 0.000178465 -0.000171661 -0.000488057 
-4.26271 -0.532455 4.61413 0.000178465 -0.000171661 -0.000488057 
-4.36484 -0.534647 4.721 0.000178465 -0.000171661 -0.000488057 
-4.46828 -0.536563 4.82908 0.000178465 -0.000171661 -0.000488057 
-4.57289 -0.53805 4.93864 0.000178465 -0.000171661 -0.000488057 
-4.67889 -0.539154 5.04995 0.000178465 -0.000171661 -0.000488057 
-4.78625 -0.540119 5.16243 0.000142772 -0.000171661 -0.000488057 
-4.89514 -0.540732 5.27589 0.000178465 -0.000171661 -0.000488057 
-5.00554 -0.540824 5.39103 0.000178465 -0.000171661 -0.000488057 
-5.11733 -0.540824 5.50743 0.000178465 -0.000171661 -0.000488057 
-5.23033 -0.540824 5.62523 0.000178465 -0.000171661 -0.000434202 
-5.34472 -0.540824 5.74417 0.000178465 -0.000171661 -0.000488057 
-5.46082 -0.540625 5.86443 0.000178465 -0.000171661 -0.000434202 
-5.57849 -0.539828 5.98662 0.000178465 -0.000171661 -0.000488057 
-5.6974 -0.538218 6.11076 0.000178465 -0.000171661 -0.000488057 
-5.81778 -0.535889 6.23588 0.000178465 -0.000171661 -0.000488057 
-5.93932 -0.533083 6.36155 0.000178465 -0.000171661 -0.000488057 
-6.06225 -0.529466 6.48829 0.000178465 -0.000171661 -0.000488057 
-6.18683 -0.525235 6.61625 0.000142772 -0.000137329 -0.000487384 
-6.31239 -0.520545 6.74566 0.000142772 -0.000171661 -0.000488057 
-6.43918 -0.515226 6.87605 0.000178465 -0.000137329 -0.000487384 
-6.56712 -0.50937 7.00778 0.000142772 -0.000137329 -0.000487384 
-6.69647 -0.502978 7.14118 0.000178465 -0.000137329 -0.000487384 
-6.82705 -0.495942 7.27581 0.000142772 -0.000137329 -0.000487384 
-6.95902 -0.488278 7.41134 0.000142772 -0.000137329 -0.000487384 
-7.09199 -0.480062 7.54747 0.000142772 -0.000137329 -0.000433529 
-7.22633 -0.471186 7.68524 0.000178465 -0.000137329 -0.000487384 
-7.36189 -0.461759 7.82465 0.000142772 -0.000137329 -0.000487384 
-7.49893 -0.45175 7.96512 0.000142772 -0.000171661 -0.000488057 
-7.63707 -0.440943 8.10669 0.000142772 -0.000171661 -0.000434202 
-7.77638 -0.429462 8.24967 0.000178465 -0.000137329 -0.000487384 
-7.91696 -0.417245 8.39409 0.000178465 -0.000137329 -0.000433529 
-8.05905 -0.404492 8.53898 0.000178465 -0.000137329 -0.000487384 
-8.20234 -0.391278 8.68455 0.000142772 -0.000137329 -0.000433529 
-8.34671 -0.377498 8.83138 0.000142772 -0.000137329 -0.000433529 
-8.49215 -0.362951 8.97915 0.000142772 -0.000137329 -0.000433529 
-8.63895 -0.347576 9.1275 0.000178465 -0.000137329 -0.000433529 
-8.78661 -0.331604 9.27706 0.000142772 -0.000137329 -0.000487384 
-8.93523 -0.315049 9.42792 0.000142772 -0.000137329 -0.000433529 
-9.08495 -0.297835 9.57915 0.000178465 -0.000137329 -0.000433529 
-9.23582 -0.280054 9.73092 0.000178465 -0.000137329 -0.000433529 
-9.38784 -0.261292 9.88391 0.000178465 -0.000171661 -0.000434202 
-9.54056 -0.241625 10.0381 0.000142772 -0.000137329 -0.000433529 
-9.69443 -0.221391 10.193 0.000142772 -0.000137329 -0.000433529 
-9.84928 -0.200483 10.3487 0.000142772 -0.000137329 -0.000433529 
-10.0053 -0.178563 10.5058 0.000142772 -0.000137329 -0.000487384 
-10.162 -0.155601 10.6638 0.000142772 -0.000137329 -0.000433529 
-10.3198 -0.131979 10.8223 0.000142772 -0.000137329 -0.000433529 
-10.4786 -0.107576 10.9818 0.000142772 -0.000137329 -0.000433529 
-10.6383 -0.0820081 11.1419 0.000142772 -0.000137329 -0.000487384 
-10.7989 -0.0557042 11.3025 0.000142772 -0.000137329 -0.000433529 
-10.9604 -0.0286798 11.4637 0.000142772 -0.000137329 -0.000433529 
-11.1229 -0.000429201 11.6261 0.000142772 -0.000137329 -0.000433529 
-11.2859 0.0284499 11.7889 0.000142772 -0.000137329 -0.000433529 
-11.4499 0.0582334 11.9521 0.000142772 -0.000137329 -0.000433529 
-11.6145 0.0892586 12.1161 0.000142772 -0.000137329 -0.000433529 
-11.78 0.120989 12.2804 0.000178465 -0.000137329 -0.000433529 
-11.9463 0.153531 12.4446 0.000142772 -0.000137329 -0.000433529 
-12.113 0.18727 12.6094 0.000178465 -0.000137329 -0.000433529 
-12.2806 0.221774 12.7751 0.000142772 -0.000137329 -0.000433529 
-12.4488 0.257459 12.9415 0.000142772 -0.000137329 -0.000433529 
-12.6174 0.293834 13.1086 0.000142772 -0.000137329 -0.000433529 
-12.7866 0.331451 13.2762 0.000142772 -0.000137329 -0.000433529 
-12.9567 0.370064 13.444 0.000142772 -0.000137329 -0.000433529 
-13.1274 0.409657 13.6117 0.000142772 -0.000137329 -0.000433529 
-13.2984 0.450631 13.78 0.000142772 -0.000137329 -0.000433529 
-13.47 0.492447 13.9489 0.000142772 -0.000137329 -0.000433529 
-13.6423 0.535521 14.1177 0.000142772 -0.000137329 -0.000433529 
-13.8147 0.579606 14.2871 0.000178465 -0.000137329 -0.000433529 
-13.9875 0.624887 14.4566 0.000142772 -0.000137329 -0.000433529 
-14.1608 0.671225 14.6257 0.000142772 -0.000137329 -0.000433529 
-14.3346 0.718483 14.7949 0.000142772 -0.000137329 -0.000433529 
-14.5086 0.766952 14.9643 0.000142772 -0.000137329 -0.000433529 
-14.683 0.81628 15.1337 0.000142772 -0.000137329 -0.000433529 
-14.8576 0.866941 15.3031 0.000142772 -0.000137329 -0.000433529 
-15.0322 0.91843 15.473 0.000142772 -0.000137329 -0.000433529 
-15.2069 0.971206 15.6428 0.000142772 -0.000137329 -0.000433529 
-15.3822 1.02536 15.8123 0.000142772 -0.000137329 -0.000433529 
-15.5575 1.08067 15.9818 0.000107079 -0.000137329 -0.000433529 
-15.7328 1.1374 16.1512 0.000142772 -0.000137329 -0.000433529 
-15.9082 1.19542 16.3204 0.000142772 -0.000137329 -0.000433529 
-16.0839 1.25446 16.49 0.000142772 -0.000137329 -0.000433529 
-16.2594 1.3148 16.6594 0.000142772 -0.000137329 -0.000433529 
-16.4349 1.37645 16.828 0.000142772 -0.000137329 -0.000433529 
-16.6105 1.43927 16.9963 0.000142772 -0.000137329 -0.000433529 
-16.7858 1.50316 17.1648 0.000107079 -0.000137329 -0.000433529 
-16.9611 1.56845 17.3324 0.000107079 -6.86646e-05 -0.000432183 
-17.1361 1.6352 17.5001 0.000142772 -0.000137329 -0.000433529 
-17.3111 1.70329 17.6677 0.000142772 -6.86646e-05 -0.000432183 
-17.4858 1.77246 17.8346 0.000107079 -0.000137329 -0.000433529 
-17.6602 1.84282 18.0002 0.000142772 -6.86646e-05 -0.000432183 
-17.8346 1.91445 18.1658 0.000142772 -0.000137329 -0.000433529 
-18.0087 1.98732 18.3306 0.000107079 -0.000137329 -0.000433529 
-18.1823 2.06167 18.4946 0.000142772 -0.000137329 -0.000379675 
-18.3555 2.13735 18.6583 0.000142772 -6.86646e-05 -0.000432183 
-18.5285 2.2144 18.8216 0.000107079 -0.000137329 -0.000433529 
-18.701 2.29272 18.9836 0.000107079 -6.86646e-05 -0.000432183 
-18.8728 2.37235 19.1448 0.000107079 -0.000102997 -0.000432856 
-19.0442 2.45319 19.3057 0.000142772 -6.86646e-05 -0.000432183 
-19.215 2.53535 19.4658 0.000107079 -6.86646e-05 -0.000432183 
-19.3851 2.61911 19.6248 0.000107079 -6.86646e-05 -0.000432183 
-19.5547 2.70438 19.7835 0.000107079 -0.000137329 -0.000379675 
-19.7237 2.79099 19.9412 0.000107079 -6.86646e-05 -0.000432183 
-19.8919 2.87901 20.0977 0.000142772 -6.86646e-05 -0.000432183 
-20.0591 2.96826 20.2531 0.000142772 -6.86646e-05 -0.000378328 
-20.226 3.05912 20.4081 0.000107079 -6.86646e-05 -0.000378328 
-20.3921 3.15146 20.5618 0.000107079 -6.86646e-05 -0.000432183 
-20.5573 3.24519 20.7145 0.000107079 -6.86646e-05 -0.000432183 
-20.7214 3.34037 20.8662 0.000107079 -6.86646e-05 -0.000432183 
-20.8849 3.43703 21.017 0.000107079 -6.86646e-05 -0.000378328 
-21.0473 3.53502 21.166 0.000107079 -6.86646e-05 -0.000432183 
-21.2086 3.63463 21.3137 0.000107079 -6.86646e-05 -0.000378328 
-21.3688 3.73565 21.4604 0.000107079 -6.86646e-05 -0.000378328 
-21.5282 3.83796 21.6058 0.000107079 -6.86646e-05 -0.000378328 
-21.6863 3.94157 21.7495 0.000107079 -6.86646e-05 -0.000432183 
-21.843 4.04677 21.8918 0.000107079 -6.86646e-05 -0.000432183 
-21.9986 4.15343 22.0332 0.000107079 -0.000137329 -0.000433529 
-22.1531 4.26143 22.173 0.000107079 -6.86646e-05 -0.000378328 
-22.3061 4.37097 22.3109 0.000107079 -6.86646e-05 -0.000378328 
-22.4578 4.48186 22.4475 0.000107079 -6.86646e-05 -0.000432183 
-22.6081 4.59403 22.5829 0.000107079 -6.86646e-05 -0.000378328 
-22.7574 4.70806 22.7165 0.000107079 -6.86646e-05 -0.000432183 
-22.9053 4.82356 22.8481 0.000107079 -6.86646e-05 -0.000378328 
-23.0516 4.94041 22.9783 0.000107079 -6.86646e-05 -0.000432183 
-23.1964 5.05878 23.1071 0.000107079 -6.86646e-05 -0.000378328 
-23.3399 5.17867 23.234 0.000107079 -6.86646e-05 -0.000378328 
-23.4818 5.30007 23.3586 0.000107079 -6.86646e-05 -0.000378328 
-23.622 5.42285 23.4816 0.000107079 -6.86646e-05 -0.000432183 
-23.7607 5.54714 23.6034 0.000107079 -6.86646e-05 -0.000378328 
-23.8977 5.67306 23.7234 0.000107079 -6.86646e-05 -0.000432183 
-24.033 5.80055 23.8411 0.000107079 -6.86646e-05 -0.000378328 
-24.1665 5.92937 23.9565 0.000107079 -6.86646e-05 -0.000432183 
-24.2982 6.05962 24.0702 0.000107079 -6.86646e-05 -0.000378328 
-24.428 6.19147 24.182 0.000107079 -6.86646e-05 -0.000432183 
-24.556 6.32477 24.2919 0.000107079 -6.86646e-05 -0.000378328 
-24.6821 6.45923 24.3995 0.000107079 -6.86646e-05 -0.000432183 
-24.8061 6.59532 24.5049 0.000107079 -6.86646e-05 -0.000378328 
-24.9281 6.73303 24.6083 0.000107079 -6.86646e-05 -0.000378328 
-25.0481 6.8721 24.7096 0.000107079 -6.86646e-05 -0.000432183 
-25.1664 7.01266 24.8088 0.000107079 -6.86646e-05 -0.000378328 
-25.2825 7.15482 24.9055 0.000107079 -6.86646e-05 -0.000378328 
-25.3964 7.29843 24.9998 0.000107079 -6.86646e-05 -0.000378328 
-25.5081 7.44356 25.0919 0.000107079 -6.86646e-05 -0.000378328 
-25.6178 7.5901 25.1821 0.000107079 -6.86646e-05 -0.000378328 
-25.7254 7.73839 25.27 0.000107079 -6.86646e-05 -0.000378328 
-25.8307 7.88797 25.3556 0.000107079 -6.86646e-05 -0.000432183 
-25.9337 8.03896 25.4385 0.000107079 -6.86646e-05 -0.000378328 
-26.0341 8.19135 25.5187 0.000107079 -6.86646e-05 -0.000378328 
-26.1321 8.34527 25.5964 0.000107079 -6.86646e-05 -0.000378328 
-26.228 8.50044 25.6718 0.000107079 -6.86646e-05 -0.000378328 
-26.3215 8.65695 25.7445 0.000107079 -6.86646e-05 -0.000378328 
-26.4126 8.81506 25.8147 0.000107079 -6.86646e-05 -0.000378328 
-26.5012 8.97434 25.8823 0.000107079 -6.86646e-05 -0.000378328 
-26.5871 9.13504 25.947 0.000107079 -6.86646e-05 -0.000378328 
-26.6703 9.29719 26.0089 0.000107079 -6.86646e-05 -0.000378328 
-26.7509 9.46064 26.0681 0.000107079 -6.86646e-05 -0.000378328 
-26.829 9.62558 26.1243 0.000107079 -6.86646e-05 -0.000378328 
-26.9044 9.79203 26.1778 0.000107079 -6.86646e-05 -0.000378328 
-26.9773 9.95982 26.2287 0.000107079 -6.86646e-05 -0.000378328 
-27.0475 10.1288 26.2769 0.000107079 -6.86646e-05 -0.000378328 
-27.1148 10.2995 26.3225 0.000107079 -6.86646e-05 -0.000378328 
-27.1793 10.4711 26.3654 0.000107079 -6.86646e-05 -0.000378328 
-27.2409 10.6442 26.4056 7.13861e-05 -6.86646e-05 -0.000378328 
-27.2999 10.819 26.443 0.000107079 -6.86646e-05 -0.000378328 
-27.356 10.9948 26.4773 0.000107079 -6.86646e-05 -0.000378328 
-27.409 11.1721 26.5086 0.000107079 -6.86646e-05 -0.000324474 
-27.4594 11.3508 26.5369 0.000107079 -6.86646e-05 -0.000378328 
-27.5068 11.5307 26.5622 0.000107079 -6.86646e-05 -0.000324474 
-27.5515 11.7121 26.5845 0.000107079 -6.86646e-05 -0.000324474 
-27.5931 11.8949 26.6034 0.000107079 -6.86646e-05 -0.000378328 
-27.6317 12.0788 26.6193 0.000107079 -6.86646e-05 -0.000324474 
-27.6673 12.264 26.6323 0.000107079 -6.86646e-05 -0.000324474 
-27.6996 12.4504 26.6422 0.000107079 -6.86646e-05 -0.000324474 
-27.7286 12.6378 26.6491 0.000107079 -6.86646e-05 -0.000324474 
-27.7545 12.8266 26.6527 0.000107079 -6.86646e-05 -0.000324474 
-27.7769 13.0164 26.6531 0.000107079 -6.86646e-05 -0.000324474 
-27.7958 13.2073 26.6514 0.000107079 -6.86646e-05 -0.000378328 
-27.8117 13.3994 26.6462 0.000107079 -6.86646e-05 -0.000378328 
-27.8247 13.5925 26.6375 0.000107079 -6.86646e-05 -0.000324474 
-27.8345 13.787 26.6255 0.000107079 -6.86646e-05 -0.000324474 
-27.841 13.9825 26.6099 0.000107079 -6.86646e-05 -0.000378328 
-27.8441 14.179 26.5905 0.000107079 -6.86646e-05 -0.000324474 
-27.8443 14.3766 26.5674 0.000107079 -6.86646e-05 -0.000324474 
-27.8428 14.5752 26.541 0.000107079 -6.86646e-05 -0.000324474 
-27.838 14.7751 26.5116 0.000107079 -6.86646e-05 -0.000324474 
-27.8294 14.976 26.479 0.000107079 -6.86646e-05 -0.000378328 
-27.817 15.178 26.4435 0.000107079 -6.86646e-05 -0.000324474 
-27.8009 15.381 26.4044 0.000107079 -6.86646e-05 -0.000378328 
-27.7807 15.5852 26.3618 0.000107079 -6.86646e-05 -0.000324474 
-27.7568 15.7907 26.3156 0.000107079 -3.43323e-05 -0.0003238 
-27.7293 15.997 26.2659 0.000107079 -6.86646e-05 -0.000324474 
-27.6985 16.2043 26.2125 0.000107079 -6.86646e-05 -0.000324474 
-27.6637 16.4127 26.156 0.000107079 -6.86646e-05 -0.000324474 
-27.6255 16.6217 26.0959 0.000107079 -6.86646e-05 -0.000324474 
-27.584 16.8317 26.0323 0.000107079 -3.43323e-05 -0.000377655 
-27.5386 17.0427 25.9655 0.000107079 -3.43323e-05 -0.000377655 
-27.4897 17.2546 25.8954 0.000107079 -3.43323e-05 -0.0003238 
-27.4369 17.4673 25.8218 0.000107079 -3.43323e-05 -0.000377655 
-27.3806 17.6808 25.7444 0.000107079 -6.86646e-05 -0.000324474 
-27.3204 17.8953 25.6634 0.000107079 -3.43323e-05 -0.000377655 
-27.2566 18.1105 25.5789 0.000107079 -3.43323e-05 -0.0003238 
-27.1891 18.3267 25.4908 0.000107079 -3.43323e-05 -0.0003238 
-27.1181 18.5434 25.3995 0.000107079 -3.43323e-05 -0.0003238 
-27.0435 18.7608 25.3049 0.000107079 -3.43323e-05 -0.000377655 
-26.9654 18.9788 25.2067 0.000107079 -6.86646e-05 -0.000324474 
-26.8836 19.1975 25.1045 0.000107079 -3.43323e-05 -0.0003238 
-26.798 19.4169 24.9986 0.000107079 -3.43323e-05 -0.000377655 
-26.7086 19.6367 24.8891 0.000107079 -3.43323e-05 -0.0003238 
-26.6154 19.8575 24.7764 0.000107079 -3.43323e-05 -0.0003238 
-26.5186 20.0787 24.6599 0.000107079 -3.43323e-05 -0.0003238 
-26.4182 20.3005 24.5397 7.13861e-05 -3.43323e-05 -0.0003238 
-26.3142 20.5228 24.4159 0.000107079 -3.43323e-05 -0.0003238 
-26.2065 20.7456 24.2889 0.000107079 -3.43323e-05 -0.0003238 
-26.095 20.9691 24.1589 0.000107079 -3.43323e-05 -0.0003238 
-25.9797 21.193 24.0252 0.000107079 -3.43323e-05 -0.0003238 
-25.8607 21.4175 23.8879 0.000107079 -6.86646e-05 -0.000324474 
-25.7381 21.6422 23.7474 0.000107079 -3.43323e-05 -0.0003238 
-25.6118 21.8679 23.6036 0.000107079 -3.43323e-05 -0.0003238 
-25.4817 22.0937 23.4559 0.000107079 -3.43323e-05 -0.0003238 
-25.3478 22.3201 23.3043 0.000107079 -3.43323e-05 -0.0003238 
-25.2101 22.5467 23.1499 0.000107079 -3.43323e-05 -0.0003238 
-25.0688 22.7735 22.9921 0.000107079 -3.43323e-05 -0.0003238 
-24.9239 23.0007 22.8303 0.000107079 -3.43323e-05 -0.0003238 
-24.7752 23.2281 22.6649 0.000107079 -3.43323e-05 -0.0003238 
-24.6227 23.4557 22.4965 0.000107079 -3.43323e-05 -0.0003238 
-24.4665 23.6836 22.3245 0.000107079 -3.43323e-05 -0.0003238 
-24.3069 23.9122 22.1488 0.000107079 -3.43323e-05 -0.0003238 
-24.1432 24.1407 21.9703 0.000107079 -3.43323e-05 -0.0003238 
-23.9759 24.3692 21.7879 0.000107079 -3.43323e-05 -0.0003238 
-23.8051 24.5976 21.6019 0.000107079 -3.43323e-05 -0.0003238 
-23.6305 24.8258 21.4129 0.000107079 -3.43323e-05 -0.0003238 
-23.4521 25.0543 21.2197 0.000107079 -3.43323e-05 -0.0003238 
-23.2702 25.2829 21.023 0.000107079 -3.43323e-05 -0.0003238 
-23.0848 25.5114 20.8234 0.000107079 -3.43323e-05 -0.0003238 
-22.8954 25.74 20.6203 0.000107079 -3.43323e-05 -0.0003238 
-22.7026 25.9687 20.414 0.000107079 -3.43323e-05 -0.0003238 
-22.5063 26.1972 20.2047 0.000107079 -3.43323e-05 -0.0003238 
-22.3063 26.4259 19.9917 0.000107079 -3.43323e-05 -0.0003238 
-22.1025 26.6544 19.7759 0.000107079 -3.43323e-05 -0.0003238 
-21.8952 26.8829 19.5568 0.000107079 -3.43323e-05 -0.0003238 
-21.6842 27.1115 19.335 0.000107079 -3.43323e-05 -0.0003238 
-21.4697 27.3397 19.1103 0.000107079 -3.43323e-05 -0.0003238 
-21.2518 27.5679 18.8818 7.13861e-05 -3.43323e-05 -0.0003238 
-21.0303 27.796 18.6506 0.000107079 -3.43323e-05 -0.0003238 
-20.8053 28.0237 18.4157 0.000107079 -3.43323e-05 -0.0003238 
-20.5769 28.2508 18.1778 0.000107079 -3.43323e-05 -0.0003238 
-20.3451 28.4774 17.9367 0.000107079 -3.43323e-05 -0.0003238 
-20.1099 28.703 17.6921 7.13861e-05 -3.43323e-05 -0.0003238 
-19.8713 28.9283 17.4444 0.000107079 -3.43323e-05 -0.0003238 
-19.6291 29.1529 17.1934 7.13861e-05 -3.43323e-05 -0.0003238 
-19.3837 29.3772 16.9401 0.000107079 -3.43323e-05 -0.0003238 
-19.1347 29.6009 16.6833 0.000107079 0 -0.000323127 
-18.8822 29.8244 16.4239 0.000107079 -3.43323e-05 -0.0003238 
-18.6265 30.0477 16.161 0.000107079 0 -0.000323127 
-18.3676 30.2705 15.8954 0.000107079 -3.43323e-05 -0.0003238 
-18.1056 30.4927 15.6264 0.000107079 -3.43323e-05 -0.0003238 
-17.8401 30.7136 15.3549 0.000107079 -3.43323e-05 -0.0003238 
-17.5716 30.9336 15.0804 0.000107079 -3.43323e-05 -0.0003238 
-17.2998 31.1532 14.8039 0.000107079 -3.43323e-05 -0.0003238 
-17.025 31.3719 14.5241 7.13861e-05 -3.43323e-05 -0.0003238 
-16.7469 31.5899 14.242 0.000107079 -3.43323e-05 -0.0003238 
-16.4658 31.8075 13.9566 7.13861e-05 -3.43323e-05 -0.0003238 
-16.1815 32.0246 13.6687 0.000107079 -3.43323e-05 -0.0003238 
-15.8942 32.2405 13.378 7.13861e-05 -3.43323e-05 -0.0003238 
-15.604 32.4555 13.0856 0.000107079 0 -0.000323127 
-15.3107 32.6695 12.7906 0.000107079 0 -0.000323127 
-15.0148 32.8825 12.4932 7.13861e-05 0 -0.000323127 
-14.7158 33.0949 12.1927 0.000107079 0 -0.000323127 
-14.4138 33.3063 11.8901 7.13861e-05 0 -0.000323127 
-14.1088 33.5164 11.5849 0.000107079 0 -0.000323127 
-13.8011 33.7253 11.2774 0.000107079 0 -0.000323127 
-13.4907 33.9332 10.9676 0.000107079 0 -0.000323127 
-13.1776 34.1398 10.6553 0.000107079 0 -0.000323127 
-12.862 34.3452 10.3409 7.13861e-05 0 -0.000323127 
-12.5438 34.5493 10.0235 0.000107079 0 -0.000323127 
-12.2227 34.7519 9.70409 0.000107079 0 -0.000323127 
-11.8989 34.9535 9.3817 0.000107079 0 -0.000323127 
-11.5723 35.1536 9.05699 7.13861e-05 -3.43323e-05 -0.000269946 
-11.2432 35.3523 8.73059 0.000107079 -3.43323e-05 -0.000269946 
-10.9117 35.5495 8.40288 0.000107079 -3.43323e-05 -0.0003238 
-10.5779 35.7452 8.07375 0.000107079 -3.43323e-05 -0.0003238 
-10.2421 35.9402 7.74274 0.000107079 0 -0.000323127 
-9.90389 36.134 7.40964 0.000107079 0 -0.000323127 
-9.56352 36.3263 7.07484 7.13861e-05 0 -0.000323127 
-9.22057 36.5171 6.7376 0.000107079 -3.43323e-05 -0.0003238 
-8.87548 36.7063 6.39892 0.000107079 -3.43323e-05 -0.0003238 
-8.52804 36.894 6.0588 0.000107079 0 -0.000323127 
-8.17844 37.0799 5.71655 0.000107079 0 -0.000269273 
-7.82684 37.2639 5.373 0.000107079 0 -0.000269273 
-7.47328 37.4461 5.02738 7.13861e-05 0 -0.000323127 
-7.11783 37.6265 4.67975 0.000107079 0 -0.000323127 
-6.76007 37.8052 4.33043 7.13861e-05 0 -0.000323127 
-6.4006 37.9821 3.97922 7.13861e-05 -3.43323e-05 -0.0003238 
-6.03927 38.1569 3.6269 7.13861e-05 0 -0.000323127 
-5.67629 38.3301 3.27327 7.13861e-05 0 -0.000323127 
-5.31176 38.5013 2.91839 7.13861e-05 0 -0.000269273 
-4.94514 38.6706 2.56261 0.000107079 -3.43323e-05 -0.000269946 
-4.57665 38.8382 2.20538 0.000107079 0 -0.000323127 
-4.20636 39.004 1.84708 0.000107079 0 -0.000323127 
-3.83455 39.1678 1.48756 0.000107079 -3.43323e-05 -0.0003238 
-3.4614 39.3298 1.12686 7.13861e-05 -3.43323e-05 -0.000269946 
-3.08697 39.4897 0.76535 7.13861e-05 0 -0.000323127 
-2.71151 39.6474 0.403307 7.13861e-05 -3.43323e-05 -0.000269946 
-2.33476 39.8031 0.0400261 7.13861e-05 0 -0.000269273 
-1.95656 39.9566 -0.324528 7.13861e-05 -3.43323e-05 -0.000269946 
-1.57682 40.1078 -0.689801 0.000107079 -3.43323e-05 -0.000269946 
-1.19596 40.2567 -1.05598 7.13861e-05 -3.43323e-05 -0.000269946 
-0.813624 40.4035 -1.42328 0.000107079 -3.43323e-05 -0.000269946 
-0.430298 40.548 -1.79096 7.13861e-05 -3.43323e-05 -0.000269946 
-0.0461127 40.6901 -2.15953 7.13861e-05 0 -0.000269273 
0.33882 40.8303 -2.52849 7.13861e-05 0 -0.000269273 
0.724799 40.9681 -2.89738 7.13861e-05 -3.43323e-05 -0.000269946 
1.11152 41.1033 -3.26687 7.13861e-05 0 -0.000323127 
1.49911 41.2362 -3.63715 0.000107079 0 -0.000269273 
1.88759 41.3668 -4.00775 7.13861e-05 0 -0.000269273 
2.27703 41.4948 -4.37967 0.000107079 -3.43323e-05 -0.000269946 
2.66734 41.6201 -4.75189 7.13861e-05 -3.43323e-05 -0.000269946 
3.05852 41.7431 -5.12396 7.13861e-05 -3.43323e-05 -0.000269946 
3.44982 41.8636 -5.49594 7.13861e-05 -3.43323e-05 -0.000269946 
3.8412 41.9815 -5.86775 7.13861e-05 -3.43323e-05 -0.0003238 
4.23304 42.0967 -6.23926 0.000107079 0 -0.000269273 
4.62487 42.2093 -6.61093 7.13861e-05 -3.43323e-05 -0.000269946 
5.01707 42.3195 -6.98317 7.13861e-05 -3.43323e-05 -0.000269946 
5.40989 42.4272 -7.35561 7.13861e-05 -3.43323e-05 -0.000269946 
5.80306 42.532 -7.72846 7.13861e-05 -3.43323e-05 -0.000269946 
6.19666 42.6341 -8.10177 7.13861e-05 -3.43323e-05 -0.000269946 
6.59047 42.7335 -8.47418 7.13861e-05 -3.43323e-05 -0.000269946 
6.98389 42.8302 -8.84571 7.13861e-05 -3.43323e-05 -0.000269946 
7.37726 42.924 -9.21606 7.13861e-05 -3.43323e-05 -0.000269946 
7.77019 43.0149 -9.58532 7.13861e-05 -3.43323e-05 -0.000269946 
8.16288 43.1029 -9.95404 7.13861e-05 -3.43323e-05 -0.000269946 
8.5556 43.1881 -10.323 7.13861e-05 -3.43323e-05 -0.000269946 
8.94818 43.2705 -10.6918 7.13861e-05 -3.43323e-05 -0.000269946 
9.34075 43.3502 -11.0605 0.000107079 -3.43323e-05 -0.000269946 
9.73316 43.4272 -11.4291 7.13861e-05 -3.43323e-05 -0.000269946 
10.1253 43.5012 -11.797 7.13861e-05 -3.43323e-05 -0.000269946 
10.5167 43.5721 -12.1636 7.13861e-05 -3.43323e-05 -0.000216091 
10.9072 43.6398 -12.5293 7.13861e-05 -3.43323e-05 -0.000269946 
11.2967 43.7043 -12.8939 7.13861e-05 -3.43323e-05 -0.000216091 
11.6854 43.7657 -13.2576 7.13861e-05 -3.43323e-05 -0.000269946 
12.0733 43.8244 -13.621 7.13861e-05 -3.43323e-05 -0.000269946 
12.4608 43.8796 -13.9837 7.13861e-05 -3.43323e-05 -0.000269946 
12.8476 43.9317 -14.3453 7.13861e-05 -3.43323e-05 -0.000269946 
13.2338 43.9809 -14.7055 7.13861e-05 -3.43323e-05 -0.000216091 
13.6189 44.027 -15.0647 7.13861e-05 -3.43323e-05 -0.000216091 
14.0029 44.0703 -15.4222 7.13861e-05 -3.43323e-05 -0.000216091 
14.3854 44.1101 -15.7774 7.13861e-05 -3.43323e-05 -0.000216091 
14.7666 44.147 -16.1308 7.13861e-05 -3.43323e-05 -0.000216091 
15.1466 44.1804 -16.4829 7.13861e-05 -3.43323e-05 -0.000216091 
15.5257 44.2108 -16.8336 7.13861e-05 -3.43323e-05 -0.000269946 
15.9035 44.2379 -17.1833 7.13861e-05 -3.43323e-05 -0.000216091 
16.2803 44.2615 -17.5331 7.13861e-05 -3.43323e-05 -0.000216091 
16.6558 44.282 -17.8821 7.13861e-05 -3.43323e-05 -0.000216091 
17.0295 44.2992 -18.2292 7.13861e-05 -3.43323e-05 -0.000216091 
17.4017 44.3129 -18.5744 7.13861e-05 -3.43323e-05 -0.000216091 
17.772 44.3232 -18.9168 7.13861e-05 -3.43323e-05 -0.000269946 
18.1405 44.33 -19.2567 7.13861e-05 -3.43323e-05 -0.000269946 
18.507 44.3333 -19.5947 7.13861e-05 -3.43323e-05 -0.000216091 
18.8718 44.3338 -19.931 7.13861e-05 -3.43323e-05 -0.000216091 
19.2347 44.3319 -20.2657 7.13861e-05 -3.43323e-05 -0.000216091 
19.596 44.3266 -20.5992 7.13861e-05 -3.43323e-05 -0.000216091 
19.9557 44.3179 -20.9309 7.13861e-05 -3.43323e-05 -0.000216091 
20.3134 44.3056 -21.2606 7.13861e-05 -3.43323e-05 -0.000216091 
20.6691 44.2897 -21.5874 7.13861e-05 -3.43323e-05 -0.000216091 
21.0223 44.2701 -21.9118 7.13861e-05 -3.43323e-05 -0.000216091 
21.3733 44.2466 -22.2338 7.13861e-05 -3.43323e-05 -0.000216091 
21.7217 44.2195 -22.5531 7.13861e-05 -3.43323e-05 -0.000269946 
22.068 44.1888 -22.8704 7.13861e-05 -3.43323e-05 -0.000216091 
22.412 44.1542 -23.1853 7.13861e-05 -3.43323e-05 -0.000216091 
22.7538 44.1163 -23.4984 7.13861e-05 -3.43323e-05 -0.000216091 
23.0933 44.0747 -23.8092 7.13861e-05 -3.43323e-05 -0.000216091 
23.4305 44.03 -24.1178 7.13861e-05 -3.43323e-05 -0.000216091 
23.7651 43.9815 -24.424 7.13861e-05 -3.43323e-05 -0.000216091 
24.097 43.9298 -24.7271 7.13861e-05 -3.43323e-05 -0.000216091 
24.4259 43.8745 -25.0279 7.13861e-05 -3.43323e-05 -0.000216091 
24.7518 43.8154 -25.3253 7.13861e-05 -3.43323e-05 -0.000216091 
25.0752 43.7528 -25.6202 7.13861e-05 -3.43323e-05 -0.000216091 
25.3954 43.6864 -25.9117 7.13861e-05 -3.43323e-05 -0.000216091 
25.713 43.6163 -26.201 7.13861e-05 -3.43323e-05 -0.000216091 
26.0277 43.5427 -26.4879 7.13861e-05 -3.43323e-05 -0.000216091 
26.3395 43.4656 -26.7725 7.13861e-05 -3.43323e-05 -0.000216091 
26.6482 43.385 -27.0542 7.13861e-05 -3.43323e-05 -0.000216091 
26.9542 43.3009 -27.3326 7.13861e-05 -3.43323e-05 -0.000216091 
27.2571 43.213 -27.6073 7.13861e-05 -3.43323e-05 -0.000216091 
27.5567 43.1213 -27.8785 7.13861e-05 -3.43323e-05 -0.000216091 
27.8527 43.0263 -28.1465 7.13861e-05 -3.43323e-05 -0.000216091 
28.1456 42.9276 -28.4114 7.13861e-05 -3.43323e-05 -0.000216091 
28.4351 42.8255 -28.6734 7.13861e-05 0 -0.000215418 
28.7214 42.7196 -28.9328 7.13861e-05 -3.43323e-05 -0.000216091 
29.004 42.61 -29.189 7.13861e-05 -3.43323e-05 -0.000216091 
29.2834 42.497 -29.4425 3.56931e-05 -3.43323e-05 -0.000216091 
29.5592 42.3801 -29.6926 7.13861e-05 -3.43323e-05 -0.000216091 
29.8316 42.2597 -29.9399 7.13861e-05 -3.43323e-05 -0.000216091 
30.1004 42.1354 -30.183 7.13861e-05 -3.43323e-05 -0.000216091 
30.3655 42.0075 -30.4226 7.13861e-05 -3.43323e-05 -0.000216091 
30.627 41.8759 -30.6582 7.13861e-05 -3.43323e-05 -0.000216091 
30.8846 41.7409 -30.8906 3.56931e-05 -3.43323e-05 -0.000216091 
31.1387 41.6023 -31.1199 7.13861e-05 -3.43323e-05 -0.000216091 
31.3887 41.4603 -31.346 7.13861e-05 -3.43323e-05 -0.000216091 
31.6347 41.3149 -31.5687 7.13861e-05 -6.86646e-05 -0.000216765 
31.877 41.1659 -31.7869 7.13861e-05 -3.43323e-05 -0.000216091 
32.1154 41.0132 -32.0014 7.13861e-05 -3.43323e-05 -0.000216091 
32.3502 40.8569 -32.2118 7.13861e-05 -3.43323e-05 -0.000216091 
32.5809 40.6969 -32.4181 7.13861e-05 -3.43323e-05 -0.000216091 
32.8076 40.5334 -32.6213 7.13861e-05 -3.43323e-05 -0.000216091 
33.0301 40.3662 -32.821 7.13861e-05 -3.43323e-05 -0.000216091 
33.2484 40.1955 -33.0175 3.56931e-05 -3.43323e-05 -0.000216091 
33.4625 40.021 -33.211 3.56931e-05 -3.43323e-05 -0.000216091 
33.6723 39.8431 -33.4 3.56931e-05 -3.43323e-05 -0.000162237 
33.8777 39.6615 -33.5851 3.56931e-05 -3.43323e-05 -0.000216091 
34.0791 39.4762 -33.7661 3.56931e-05 -3.43323e-05 -0.000216091 
34.2765 39.2875 -33.943 3.56931e-05 -3.43323e-05 -0.000216091 
34.4696 39.0954 -34.1163 3.56931e-05 -6.86646e-05 -0.00016291 
34.6582 38.8999 -34.2859 3.56931e-05 -3.43323e-05 -0.000216091 
34.8425 38.7008 -34.4511 3.56931e-05 -3.43323e-05 -0.000162237 
35.0221 38.4985 -34.6122 3.56931e-05 -3.43323e-05 -0.000216091 
35.1975 38.2928 -34.7693 3.56931e-05 -3.43323e-05 -0.000162237 
35.3685 38.0834 -34.9223 3.56931e-05 -3.43323e-05 -0.000162237 
35.5351 37.8709 -35.0709 3.56931e-05 -3.43323e-05 -0.000162237 
35.6972 37.6548 -35.2157 3.56931e-05 -3.43323e-05 -0.000216091 
35.8549 37.4351 -35.3569 3.56931e-05 -3.43323e-05 -0.000162237 
36.0078 37.2121 -35.494 3.56931e-05 -3.43323e-05 -0.000216091 
36.1558 36.9855 -35.6271 3.56931e-05 -3.43323e-05 -0.000162237 
36.2988 36.7556 -35.7564 3.56931e-05 -3.43323e-05 -0.000216091 
36.437 36.522 -35.8817 3.56931e-05 -3.43323e-05 -0.000216091 
36.5707 36.2852 -36.0026 3.56931e-05 -3.43323e-05 -0.000216091 
36.6999 36.0451 -36.1187 3.56931e-05 -3.43323e-05 -0.000162237 
36.8246 35.8017 -36.2308 3.56931e-05 -3.43323e-05 -0.000162237 
36.9445 35.5551 -36.3389 3.56931e-05 -3.43323e-05 -0.000216091 
37.06 35.3054 -36.4428 3.56931e-05 -3.43323e-05 -0.000162237 
37.1709 35.0525 -36.5421 3.56931e-05 -3.43323e-05 -0.000162237 
37.2766 34.7965 -36.6367 3.56931e-05 -3.43323e-05 -0.000162237 
37.3775 34.5371 -36.7269 3.56931e-05 -3.43323e-05 -0.000162237 
37.4734 34.2745 -36.8134 3.56931e-05 -3.43323e-05 -0.000216091 
37.5644 34.0086 -36.8958 3.56931e-05 -3.43323e-05 -0.000216091 
37.6509 33.7396 -36.9743 3.56931e-05 -3.43323e-05 -0.000216091 
37.7324 33.4672 -37.0486 3.56931e-05 -3.43323e-05 -0.000162237 
37.809 33.1918 -37.1186 3.56931e-05 -3.43323e-05 -0.000162237 
37.8807 32.913 -37.1845 3.56931e-05 -3.43323e-05 -0.000162237 
37.9474 32.6313 -37.2461 3.56931e-05 -3.43323e-05 -0.000162237 
38.0093 32.3465 -37.3037 3.56931e-05 -3.43323e-05 -0.000162237 
38.0663 32.0588 -37.3569 3.56931e-05 -3.43323e-05 -0.000162237 
38.1184 31.7683 -37.4053 -0 -6.86646e-05 -0.000109055 
38.1657 31.4749 -37.4492 -0 -6.86646e-05 -0.00016291 
38.2081 31.1787 -37.4888 -0 -3.43323e-05 -0.000108382 
38.2454 30.8796 -37.5238 -0 -3.43323e-05 -0.000162237 
38.2779 30.5776 -37.5542 3.56931e-05 -6.86646e-05 -0.000109055 
38.3052 30.273 -37.5808 3.56931e-05 -6.86646e-05 -0.000109055 
38.3274 29.9653 -37.6029 3.56931e-05 -3.43323e-05 -0.000162237 
38.3448 29.6548 -37.6209 3.56931e-05 -3.43323e-05 -0.000162237 
38.3575 29.341 -37.6347 3.56931e-05 -3.43323e-05 -0.000162237 
38.3652 29.0246 -37.6444 3.56931e-05 -3.43323e-05 -0.000162237 
38.3677 28.7054 -37.6498 3.56931e-05 -3.43323e-05 -0.000162237 
38.3665 28.3834 -37.6512 3.56931e-05 -3.43323e-05 -0.000162237 
38.3616 28.0587 -37.6494 3.56931e-05 -3.43323e-05 -0.000162237 
38.3513 27.7313 -37.6435 3.56931e-05 -3.43323e-05 -0.000162237 
38.3357 27.4014 -37.633 3.56931e-05 -3.43323e-05 -0.000162237 
38.3144 27.0691 -37.6183 3.56931e-05 -3.43323e-05 -0.000162237 
38.2877 26.7343 -37.5991 3.56931e-05 -3.43323e-05 -0.000162237 
38.256 26.3971 -37.5753 3.56931e-05 -3.43323e-05 -0.000162237 
38.2188 26.0575 -37.547 3.56931e-05 -3.43323e-05 -0.000162237 
38.1763 25.7155 -37.5141 -0 -3.43323e-05 -0.000162237 
38.1289 25.3711 -37.4768 3.56931e-05 -3.43323e-05 -0.000162237 
38.0762 25.024 -37.4349 3.56931e-05 -3.43323e-05 -0.000162237 
38.0185 24.6746 -37.3888 3.56931e-05 -3.43323e-05 -0.000108382 
37.9559 24.3225 -37.3385 3.56931e-05 -3.43323e-05 -0.000162237 
37.8885 23.9681 -37.2845 3.56931e-05 -3.43323e-05 -0.000108382 
37.8161 23.6116 -37.2266 -0 -3.43323e-05 -0.000108382 
37.739 23.2528 -37.1649 3.56931e-05 -6.86646e-05 -0.000109055 
37.6571 22.8919 -37.0989 -0 -3.43323e-05 -0.000108382 
37.5704 22.5289 -37.0292 3.56931e-05 -3.43323e-05 -0.000108382 
37.4788 22.1639 -36.9551 3.56931e-05 -3.43323e-05 -0.000108382 
37.3823 21.7968 -36.8764 3.56931e-05 -3.43323e-05 -0.000108382 
37.2809 21.4278 -36.7931 -0 -3.43323e-05 -0.000108382 
37.1748 21.0571 -36.7056 -0 -3.43323e-05 -0.000108382 
37.0641 20.6845 -36.6143 -0 -3.43323e-05 -0.000108382 
36.9485 20.31 -36.5189 -0 -3.43323e-05 -0.000108382 
36.8279 19.9338 -36.4198 -0 -3.43323e-05 -0.000162237 
36.7024 19.5556 -36.3167 -0 -3.43323e-05 -0.000108382 
36.5725 19.1753 -36.2095 -0 -3.43323e-05 -0.000108382 
36.4381 18.7931 -36.0986 3.56931e-05 -3.43323e-05 -0.000162237 
36.2993 18.4089 -35.9843 -0 0 -0.000107709 
36.1556 18.0227 -35.8669 -0 -3.43323e-05 -0.000162237 
36.0072 17.6351 -35.7463 -0 -3.43323e-05 -0.000108382 
35.8545 17.2458 -35.6216 -0 -3.43323e-05 -0.000108382 
35.6971 16.8549 -35.493 -0 -3.43323e-05 -0.000108382 
35.5355 16.4625 -35.3607 -0 -3.43323e-05 -0.000108382 
35.3693 16.0687 -35.2244 -0 -3.43323e-05 -0.000108382 
35.199 15.6735 -35.0837 -0 -3.43323e-05 -0.000108382 
35.0242 15.277 -34.9393 -0 -3.43323e-05 -0.000108382 
34.8448 14.8792 -34.7917 -0 -3.43323e-05 -0.000162237 
34.6608 14.4803 -34.6406 -0 -3.43323e-05 -0.000108382 
34.4726 14.0801 -34.4854 -0 -3.43323e-05 -0.000108382 
34.2799 13.6786 -34.327 -0 -3.43323e-05 -0.000162237 
34.0827 13.2761 -34.1653 -0 -3.43323e-05 -0.000108382 
33.8818 12.8723 -33.9998 -0 -3.43323e-05 -0.000162237 
33.6766 12.4675 -33.8307 -0 -3.43323e-05 -0.000108382 
33.4672 12.0615 -33.6586 -0 -3.43323e-05 -0.000108382 
33.2537 11.6546 -33.4831 -0 -3.43323e-05 -0.000108382 
33.0359 11.2466 -33.3041 -0 -3.43323e-05 -0.000108382 
32.8139 10.8377 -33.1222 -0 -3.43323e-05 -0.000108382 
32.5882 10.4281 -32.9365 -0 -3.43323e-05 -0.000108382 
32.3585 10.0175 -32.7471 -0 0 -0.000107709 
32.1249 9.60605 -32.5552 -0 -3.43323e-05 -0.000108382 
31.8876 9.19363 -32.3603 -0 -3.43323e-05 -0.000162237 
31.6464 8.78048 -32.1623 -0 0 -0.000161564 
31.4017 8.36668 -31.9621 -0 -3.43323e-05 -0.000108382 
31.1529 7.9522 -31.7583 -0 -3.43323e-05 -0.000108382 
30.9001 7.53714 -31.5514 -0 -3.43323e-05 -0.000108382 
30.6437 7.12135 -31.3419 -0 -3.43323e-05 -0.000108382 
30.3831 6.70534 -31.1291 -0 -3.43323e-05 -0.000108382 
30.1192 6.28901 -30.9135 -0 -3.43323e-05 -0.000108382 
29.8516 5.87232 -30.695 -0 -3.43323e-05 -0.000108382 
29.5805 5.45529 -30.4735 -0 -3.43323e-05 -0.000108382 
29.306 5.03801 -30.2495 -0 -3.43323e-05 -0.000108382 
29.028 4.62057 -30.0221 -0 -3.43323e-05 -0.000108382 
28.7465 4.20303 -29.7924 -0 -3.43323e-05 -0.000108382 
28.4617 3.78542 -29.5594 -0 -3.43323e-05 -0.000108382 
28.1739 3.36777 -29.3237 -0 0 -0.000161564 
27.8828 2.94998 -29.0856 -0 -3.43323e-05 -0.000108382 
27.5888 2.5322 -28.8451 -0 -3.43323e-05 -0.000108382 
27.2916 2.11443 -28.603 -0 -3.43323e-05 -0.000108382 
26.9914 1.69669 -28.3575 -0 0 -0.000107709 
26.6881 1.27913 -28.11 -0 0 -0.000107709 
26.3817 0.861637 -27.8597 -0 0 -0.000161564 
26.0721 0.444162 -27.6073 -0 -3.43323e-05 -0.000108382 
25.7595 0.0268251 -27.3526 -0 0 -0.000107709 
25.4438 -0.390328 -27.0959 -0 0 -0.000107709 
25.1254 -0.807573 -26.8373 -0 0 -0.000107709 
24.8041 -1.22436 -26.5767 -0 0 -0.000107709 
24.4802 -1.64047 -26.3146 -0 -3.43323e-05 -0.000108382 
24.1536 -2.05566 -26.0507 -0 -3.43323e-05 -0.000108382 
23.8246 -2.46995 -25.7848 -0 -3.43323e-05 -0.000108382 
23.4929 -2.88353 -25.5161 -0 -3.43323e-05 -0.000108382 
23.159 -3.29624 -25.245 -0 -3.43323e-05 -0.000108382 
22.8229 -3.70819 -24.9708 -0 0 -0.000107709 
22.4846 -4.11983 -24.6952 -0 0 -0.000107709 
22.144 -4.5305 -24.4176 -0 0 -0.000107709 
21.8013 -4.9404 -24.1395 -0 0 -0.000107709 
21.4561 -5.3493 -23.8596 -0 0 -0.000107709 
21.1087 -5.75725 -23.5786 -0 -3.43323e-05 -0.000108382 
20.7592 -6.16445 -23.2957 -0 0 -0.000107709 
20.4075 -6.57066 -23.0114 -0 0 -0.000107709 
20.0538 -6.97589 -22.7252 -0 0 -0.000107709 
19.6981 -7.37993 -22.4372 -0 0 -0.000107709 
19.3405 -7.78305 -22.1477 -0 0 -0.000107709 
18.9811 -8.18488 -21.8573 -0 0 -0.000107709 
18.6198 -8.58542 -21.5664 -0 0 -0.000107709 
18.2569 -8.98469 -21.2746 3.56931e-05 0 -0.000107709 
17.8924 -9.38271 -20.9817 -0 0 -0.000107709 
17.5267 -9.77958 -20.6873 3.56931e-05 0 -0.000107709 
17.1596 -10.1747 -20.3916 -0 0 -0.000107709 
16.7911 -10.5682 -20.0942 -0 0 -0.000107709 
16.4211 -10.9599 -19.7962 -0 0 -0.000107709 
16.0496 -11.3498 -19.497 -0 0 -0.000107709 
15.6768 -11.7379 -19.1969 3.56931e-05 0 -0.000107709 
15.3028 -12.1242 -18.8953 -0 0 -0.000107709 
14.9277 -12.5086 -18.5926 -0 0 -0.000107709 
14.5516 -12.8917 -18.2891 3.56931e-05 0 -0.000107709 
14.1746 -13.2732 -17.9848 3.56931e-05 0 -0.000107709 
13.7965 -13.6527 -17.6808 -0 0 -0.000107709 
13.4175 -14.0304 -17.3763 -0 0 -0.000107709 
13.0374 -14.4064 -17.0723 3.56931e-05 0 -0.000107709 
12.6564 -14.7802 -16.7677 -0 0 -0.000107709 
12.2747 -15.1521 -16.4631 -0 0 -0.000107709 
11.8924 -15.5219 -16.1574 -0 0 -0.000107709 
11.5094 -15.8896 -15.8508 -0 0 -0.000107709 
11.126 -16.2551 -15.543 -0 0 -0.000107709 
10.7421 -16.6182 -15.2344 -0 0 -0.000161564 
10.3579 -16.9789 -14.9261 -0 0 -0.000107709 
9.97342 -17.3371 -14.6175 -0 0 -0.000107709 
9.58869 -17.693 -14.3094 -0 0 -0.000107709 
9.20398 -18.0465 -14.0011 3.56931e-05 0 -0.000107709 
8.81909 -18.3977 -13.693 -0 0 -0.000107709 
8.43419 -18.7467 -13.3848 -0 0 -0.000107709 
8.04913 -19.0933 -13.0767 -0 0 -0.000107709 
7.66384 -19.4372 -12.7688 3.56931e-05 0 -0.000107709 
7.2782 -19.7788 -12.4614 -0 0 -0.000107709 
6.89254 -20.1175 -12.1547 -0 0 -0.000107709 
6.5071 -20.4535 -11.8477 -0 0 -0.000107709 
6.12209 -20.7868 -11.541 3.56931e-05 0 -0.000107709 
5.73716 -21.1173 -11.2338 -0 -3.43323e-05 -0.000108382 
5.35292 -21.4449 -10.9269 -0 0 -0.000107709 
4.96905 -21.7697 -10.6202 -0 0 -0.000107709 
4.58569 -22.0915 -10.3142 -0 0 -0.000107709 
4.20283 -22.4104 -10.0091 3.56931e-05 0 -0.000107709 
3.8205 -22.7264 -9.70415 -0 0 -0.000107709 
3.43887 -23.0393 -9.4001 3.56931e-05 0 -0.000107709 
3.05827 -23.3492 -9.0962 3.56931e-05 0 -0.000107709 
2.6785 -23.6561 -8.79313 3.56931e-05 0 -0.000107709 
2.29958 -23.9599 -8.49067 -0 0 -0.000107709 
1.92152 -24.2605 -8.18968 -0 0 -0.000107709 
1.54408 -24.5578 -7.88967 -0 0 -0.000107709 
1.16771 -24.852 -7.59037 3.56931e-05 0 -0.000107709 
0.79223 -25.143 -7.29164 -0 0 -0.000107709 
0.418022 -25.4309 -6.9936 3.56931e-05 0 -0.000107709 
0.0451598 -25.7154 -6.69664 -0 0 -0.000107709 
-0.326395 -25.9966 -6.40044 3.56931e-05 0 -0.000107709 
-0.696866 -26.2746 -6.10562 -0 0 -0.000107709 
-1.0661 -26.5489 -5.8118 -0 0 -0.000107709 
-1.43422 -26.8199 -5.51992 -0 0 -0.000107709 
-1.80099 -27.0872 -5.22875 -0 0 -0.000107709 
-2.16618 -27.3512 -4.93889 3.56931e-05 0 -0.000107709 
-2.52979 -27.6116 -4.64977 -0 0 -0.000107709 
-2.89176 -27.8686 -4.36182 -0 0 -0.000107709 
-3.2521 -28.1218 -4.07529 -0 0 -0.000107709 
-3.61067 -28.3714 -3.79036 -0 0 -0.000107709 
-3.96763 -28.6172 -3.50699 3.56931e-05 0 -0.000107709 
-4.32277 -28.8594 -3.22529 -0 -3.43323e-05 -0.000108382 
-4.67608 -29.0977 -2.94499 3.56931e-05 0 -5.38545e-05 
-5.02753 -29.3324 -2.66561 -0 -3.43323e-05 -0.000108382 
-5.37693 -29.5632 -2.38765 3.56931e-05 0 -0.000107709 
-5.72427 -29.7904 -2.11125 -0 0 -0.000107709 
-6.06929 -30.0135 -1.83631 3.56931e-05 0 -0.000107709 
-6.41219 -30.2328 -1.56323 -0 0 -0.000107709 
-6.75272 -30.4482 -1.29205 -0 0 -0.000107709 
-7.09115 -30.6598 -1.02285 3.56931e-05 0 -0.000107709 
-7.42736 -30.8676 -0.755406 -0 0 -0.000107709 
-7.76132 -31.0711 -0.489487 -0 0 -0.000107709 
-8.09309 -31.2707 -0.225124 3.56931e-05 0 -0.000107709 
-8.42265 -31.4663 0.0374815 -0 -3.43323e-05 -5.45277e-05 
-8.74996 -31.6581 0.298262 -0 0 -0.000107709 
-9.07482 -31.8457 0.556799 3.56931e-05 0 -0.000107709 
-9.39712 -32.0291 0.813529 3.56931e-05 0 -0.000107709 
-9.71683 -32.2086 1.06768 -0 -3.43323e-05 -0.000108382 
-10.0341 -32.384 1.31989 3.56931e-05 0 -5.38545e-05 
-10.3489 -32.5552 1.56967 -0 0 -0.000107709 
-10.6613 -32.7224 1.8185 -0 0 -0.000107709 
-10.9708 -32.8854 2.06535 3.56931e-05 0 -0.000107709 
-11.2778 -33.0439 2.31036 3.56931e-05 0 -0.000107709 
-11.5815 -33.1982 2.55296 -0 0 -0.000107709 
-11.8823 -33.3484 2.79327 3.56931e-05 0 -0.000107709 
-12.18 -33.4943 3.0314 3.56931e-05 0 -0.000107709 
-12.4744 -33.6358 3.267 3.56931e-05 0 -0.000107709 
-12.7657 -33.773 3.50082 -0 0 -0.000107709 
-13.0542 -33.906 3.73197 -0 0 -0.000107709 
-13.3395 -34.0347 3.96143 3.56931e-05 0 -0.000107709 
-13.6219 -34.1592 4.18826 -0 0 -0.000107709 
-13.9013 -34.2792 4.41279 -0 0 -0.000107709 
-14.1778 -34.395 4.63517 -0 0 -0.000107709 
-14.4515 -34.5063 4.85464 3.56931e-05 -3.43323e-05 -0.000108382 
-14.7222 -34.6132 5.07221 -0 0 -0.000107709 
-14.9896 -34.716 5.28717 -0 -3.43323e-05 -0.000108382 
-15.2539 -34.8144 5.49983 -0 0 -0.000107709 
-15.5151 -34.9081 5.71003 -0 0 -0.000107709 
-15.7734 -34.9973 5.91703 -0 0 -0.000107709 
-16.0286 -35.0822 6.122 -0 0 -5.38545e-05 
-16.2802 -35.1627 6.32466 3.56931e-05 -3.43323e-05 -0.000108382 
-16.5279 -35.2388 6.52482 -0 0 -0.000107709 
-16.7719 -35.3105 6.72311 3.56931e-05 0 -0.000107709 
-17.0122 -35.3772 6.9187 -0 0 -0.000107709 
-17.2494 -35.4395 7.11158 -0 0 -0.000107709 
-17.4832 -35.4974 7.30244 -0 0 -0.000107709 
-17.7134 -35.5509 7.49003 3.56931e-05 0 -0.000107709 
-17.9404 -35.5997 7.67533 -0 0 -0.000107709 
-18.1633 -35.6443 7.85792 -0 0 -0.000107709 
-18.3823 -35.6843 8.03727 -0 -3.43323e-05 -0.000108382 
-18.5974 -35.7201 8.21425 -0 0 -0.000107709 
-18.8085 -35.7511 8.38902 -0 -3.43323e-05 -0.000108382 
-19.0157 -35.7778 8.56077 -0 0 -0.000107709 
-19.2192 -35.8 8.72979 -0 0 -5.38545e-05 
-19.419 -35.8174 8.89625 -0 0 -0.000107709 
-19.6152 -35.8301 9.05975 -0 0 -5.38545e-05 
-19.808 -35.8384 9.22034 -0 0 -5.38545e-05 
-19.9975 -35.8421 9.37921 -0 -3.43323e-05 -0.000108382 
-20.1837 -35.8421 9.53548 -0 0 -0.000107709 
-20.367 -35.8381 9.68875 -0 0 -5.38545e-05 
-20.5474 -35.8294 9.83935 3.56931e-05 0 -0.000107709 
-20.7245 -35.816 9.98748 -0 0 -5.38545e-05 
-20.8977 -35.7981 10.1326 3.56931e-05 0 -0.000107709 
-21.0671 -35.7757 10.2745 3.56931e-05 0 -0.000107709 
-21.2323 -35.7485 10.4138 -0 -3.43323e-05 -0.000108382 
-21.3935 -35.7169 10.5506 -0 0 -0.000107709 
-21.5508 -35.6809 10.6847 -0 -3.43323e-05 -0.000108382 
-21.7037 -35.6399 10.8155 -0 -3.43323e-05 -0.000108382 
-21.8522 -35.5944 10.9441 -0 0 -5.38545e-05 
-21.9964 -35.5443 11.0701 3.56931e-05 -3.43323e-05 -0.000108382 
-22.1366 -35.4896 11.1931 -0 0 -5.38545e-05 
-22.2728 -35.4304 11.3131 -0 -3.43323e-05 -5.45277e-05 
-22.4046 -35.3667 11.4304 -0 -3.43323e-05 -0.000108382 
-22.5325 -35.2985 11.5452 -0 0 -5.38545e-05 
-22.6566 -35.2259 11.6579 -0 -3.43323e-05 -5.45277e-05 
-22.7772 -35.1488 11.7679 -0 0 -5.38545e-05 
-22.894 -35.0672 11.8752 -0 0 -5.38545e-05 
-23.0068 -34.981 11.9799 -0 0 -0.000107709 
-23.1162 -34.8904 12.0819 3.56931e-05 -3.43323e-05 -5.45277e-05 
-23.2223 -34.7957 12.1809 -0 -3.43323e-05 -5.45277e-05 
-23.3248 -34.6968 12.2772 -0 -3.43323e-05 -5.45277e-05 
-23.4236 -34.5936 12.3704 -0 -3.43323e-05 -5.45277e-05 
-23.5185 -34.4859 12.4605 -0 0 -5.38545e-05 
-23.6096 -34.3739 12.5481 -0 -3.43323e-05 -5.45277e-05 
-23.697 -34.2579 12.6326 -0 0 -5.38545e-05 
-23.7809 -34.1377 12.7146 -0 -3.43323e-05 -5.45277e-05 
-23.861 -34.0133 12.7944 -0 -3.43323e-05 -5.45277e-05 
-23.937 -33.8846 12.8718 -0 -3.43323e-05 -5.45277e-05 
-24.009 -33.7518 12.9463 -0 0 -5.38545e-05 
-24.0768 -33.6147 13.0179 -0 -3.43323e-05 -5.45277e-05 
-24.1407 -33.4732 13.0869 -0 -3.43323e-05 -5.45277e-05 
-24.2007 -33.3275 13.1534 -0 -3.43323e-05 -5.45277e-05 
-24.2565 -33.1777 13.2177 -0 -3.43323e-05 -6.73182e-07 
-24.3085 -33.0237 13.2797 -0 0 -5.38545e-05 
-24.3567 -32.8655 13.339 -0 0 -0.000107709 
-24.4011 -32.7033 13.3956 -0 -3.43323e-05 -5.45277e-05 
-24.4416 -32.5369 13.4494 -0 -3.43323e-05 -5.45277e-05 
-24.4786 -32.3663 13.5005 -0 0 -5.38545e-05 
-24.512 -32.192 13.549 -0 0 -5.38545e-05 
-24.5416 -32.0138 13.595 -0 -3.43323e-05 -5.45277e-05 
-24.5678 -31.8316 13.6383 -0 -3.43323e-05 -5.45277e-05 
-24.5905 -31.6457 13.6793 -0 -3.43323e-05 -5.45277e-05 
-24.6094 -31.456 13.7177 -0 0 -5.38545e-05 
-24.6247 -31.2624 13.7538 -0 0 -5.38545e-05 
-24.6366 -31.0651 13.7875 -0 -3.43323e-05 -5.45277e-05 
-24.6451 -30.864 13.8185 -0 0 -5.38545e-05 
-24.6505 -30.6589 13.847 -0 -3.43323e-05 -5.45277e-05 
-24.6524 -30.4498 13.8732 -0 -3.43323e-05 -5.45277e-05 
-24.6517 -30.2368 13.8968 -0 0 -5.38545e-05 
-24.6484 -30.0201 13.9184 -0 0 -5.38545e-05 
-24.641 -29.7996 13.9378 -0 0 -5.38545e-05 
-24.6294 -29.5755 13.9549 -0 0 -5.38545e-05 
-24.6139 -29.3477 13.9695 -0 0 -5.38545e-05 
-24.5946 -29.1164 13.9818 -0 0 -5.38545e-05 
-24.5719 -28.8813 13.9918 -0 0 -5.38545e-05 
-24.5458 -28.6427 13.9996 -0 -3.43323e-05 -5.45277e-05 
-24.5159 -28.4006 14.0052 -0 0 -5.38545e-05 
-24.4825 -28.1549 14.0088 -0 -3.43323e-05 -0.000108382 
-24.446 -27.9057 14.0101 -0 0 -5.38545e-05 
-24.406 -27.6535 14.0099 -0 -3.43323e-05 -0.000108382 
-24.3627 -27.3979 14.0083 -0 0 -5.38545e-05 
-24.3161 -27.1391 14.0042 -0 -3.43323e-05 -5.45277e-05 
-24.2662 -26.8769 13.9977 -0 0 -0.000107709 
-24.2133 -26.6116 13.9891 -0 -3.43323e-05 -5.45277e-05 
-24.1572 -26.3428 13.9783 -0 0 -5.38545e-05 
-24.0981 -26.0708 13.9653 -0 -3.43323e-05 -5.45277e-05 
-24.0361 -25.7952 13.9502 -0 -3.43323e-05 -6.73182e-07 
-23.9712 -25.5168 13.933 -0 0 -5.38545e-05 
-23.9034 -25.235 13.9139 -0 0 -5.38545e-05 
-23.8324 -24.9501 13.8928 -0 0 -5.38545e-05 
-23.7584 -24.6621 13.87 -0 0 -5.38545e-05 
-23.6813 -24.3709 13.8454 -0 0 -0.000107709 
-23.6012 -24.0767 13.8186 -0 0 -5.38545e-05 
-23.5183 -23.7796 13.79 -0 0 -5.38545e-05 
-23.4325 -23.4797 13.7593 -0 0 -0.000107709 
-23.3442 -23.1772 13.7263 -0 0 -5.38545e-05 
-23.2533 -22.8719 13.6913 -0 -3.43323e-05 -0.000108382 
-23.1597 -22.564 13.6545 -0 0 -0.000107709 
-23.0634 -22.2533 13.6159 -0 0 -5.38545e-05 
-22.9643 -21.9402 13.5754 -0 0 -5.38545e-05 
-22.8626 -21.6245 13.5327 -0 0 -5.38545e-05 
-22.7586 -21.3061 13.4882 -0 0 -5.38545e-05 
-22.6523 -20.9851 13.4423 -0 0 -5.38545e-05 
-22.5437 -20.6618 13.3954 -0 0 0 
-22.4326 -20.3357 13.3474 -0 0 -5.38545e-05 
-22.3188 -20.0071 13.2981 -0 0 -5.38545e-05 
-22.2027 -19.6758 13.2475 -0 0 -5.38545e-05 
-22.0844 -19.342 13.1954 -0 0 -5.38545e-05 
-21.964 -19.0058 13.1416 -0 0 -5.38545e-05 
-21.8412 -18.6671 13.0869 -0 0 -5.38545e-05 
-21.7159 -18.3261 13.031 -0 0 -5.38545e-05 
-21.5884 -17.9829 12.9736 -0 0 -0.000107709 
-21.4588 -17.6375 12.9147 -0 0 -5.38545e-05 
-21.3275 -17.2904 12.8541 -0 0 -5.38545e-05 
-21.1937 -16.9412 12.7918 -0 0 -5.38545e-05 
-21.0579 -16.5904 12.7284 -0 0 -5.38545e-05 
-20.9202 -16.2374 12.6634 -0 0 -5.38545e-05 
-20.7806 -15.8826 12.5973 -0 0 -5.38545e-05 
-20.6393 -15.526 12.53 -0 0 -5.38545e-05 
-20.4958 -15.1673 12.4612 -0 0 -5.38545e-05 
-20.3506 -14.8068 12.3917 -0 0 -5.38545e-05 
-20.2039 -14.4447 12.3212 -0 0 -5.38545e-05 
-20.0558 -14.0806 12.25 -0 0 -5.38545e-05 
-19.9061 -13.7146 12.1781 -0 0 -5.38545e-05 
-19.7545 -13.3471 12.105 -0 0 -5.38545e-05 
-19.6016 -12.9782 12.0309 -0 0 -5.38545e-05 
-19.4474 -12.6078 11.9555 -0 0 -5.38545e-05 
-19.2914 -12.2357 11.8791 -0 0 -5.38545e-05 
-19.1338 -11.8623 11.8015 -0 0 -5.38545e-05 
-18.9748 -11.4877 11.7231 -0 0 -5.38545e-05 
-18.8144 -11.1119 11.6438 -0 0 0 
-18.6523 -10.7347 11.5635 -0 0 -5.38545e-05 
-18.4886 -10.3564 11.4822 -0 0 -5.38545e-05 
-18.3239 -9.97651 11.4002 -0 0 -5.38545e-05 
-18.158 -9.59536 11.3176 -0 0 -5.38545e-05 
-17.9908 -9.2131 11.2348 -0 0 -5.38545e-05 
-17.8223 -8.82974 11.1516 -0 -3.43323e-05 -5.45277e-05 
-17.653 -8.44541 11.0678 -0 0 -5.38545e-05 
-17.4827 -8.05993 10.9832 -0 0 -5.38545e-05 
-17.3114 -7.67348 10.8979 -0 0 -5.38545e-05 
-17.1394 -7.28623 10.8117 -0 0 -5.38545e-05 
-16.9666 -6.89817 10.7248 -0 0 -5.38545e-05 
-16.7929 -6.50942 10.6375 -0 0 -5.38545e-05 
-16.6184 -6.11971 10.5503 -0 0 -0.000107709 
-16.4432 -5.72942 10.4625 -0 0 -0.000107709 
-16.2673 -5.33847 10.3741 -0 0 -5.38545e-05 
-16.0906 -4.94694 10.2847 -0 0 -5.38545e-05 
-15.9134 -4.55496 10.1947 -0 0 -5.38545e-05 
-15.7357 -4.16232 10.1045 -0 0 -0.000107709 
-15.5572 -3.76938 10.0141 -0 0 -5.38545e-05 
-15.378 -3.37625 9.92318 -0 0 -5.38545e-05 
-15.1986 -2.98289 9.83175 -0 0 -5.38545e-05 
-15.0185 -2.58923 9.73974 -0 0 -5.38545e-05 
-14.8377 -2.19532 9.6471 -0 0 -5.38545e-05 
-14.6566 -1.80117 9.55418 -0 0 -5.38545e-05 
-14.4752 -1.40691 9.46137 -0 0 -5.38545e-05 
-14.2934 -1.01232 9.36844 -0 0 0 
-14.1115 -0.617529 9.27565 -0 0 0 
-13.9296 -0.222434 9.18311 -0 0 0 
-13.7472 0.172846 9.09079 -0 0 -5.38545e-05 
-13.5649 0.567956 8.99862 -0 0 -5.38545e-05 
-13.3826 0.962975 8.90676 -0 0 -5.38545e-05 
-13.2004 1.35789 8.81436 -0 0 -5.38545e-05 
-13.0182 1.75257 8.72118 -0 0 -5.38545e-05 
-12.8362 2.14702 8.62767 -0 0 -5.38545e-05 
-12.6544 2.54113 8.53401 -0 0 0 
-12.4724 2.93483 8.44088 -0 0 -5.38545e-05 
-12.2905 3.3281 8.34797 -0 0 -5.38545e-05 
-12.109 3.72081 8.2554 -0 0 -5.38545e-05 
-11.9275 4.11325 8.16256 -0 0 -5.38545e-05 
-11.7461 4.50517 8.06955 -0 0 -5.38545e-05 
-11.5651 4.89647 7.97645 -0 0 -5.38545e-05 
-11.3845 5.28693 7.88381 -0 0 -5.38545e-05 
-11.2041 5.67682 7.79134 -0 0 -5.38545e-05 
-11.0243 6.0659 7.69882 -0 0 -5.38545e-05 
-10.845 6.45438 7.60597 -0 0 -5.38545e-05 
-10.666 6.84168 7.5131 -0 0 0 
-10.4874 7.2282 7.42048 -0 0 -5.38545e-05 
-10.3098 7.61379 7.32819 -0 0 0 
-10.1327 7.99858 7.23665 -0 0 -5.38545e-05 
-9.95623 8.38273 7.14543 -0 0 0 
-9.78043 8.76569 7.05472 -0 0 -5.38545e-05 
-9.60545 9.14764 6.96452 -0 0 -5.38545e-05 
-9.43092 9.52862 6.87479 -0 0 -5.38545e-05 
-9.25708 9.90863 6.78558 -0 0 0 
-9.0845 10.2874 6.69691 -0 0 -5.38545e-05 
-8.91262 10.665 6.60822 -0 0 0 
-8.74146 11.0414 6.51966 -0 0 -5.38545e-05 
-8.57115 11.4164 6.43137 -0 0 -5.38545e-05 
-8.40185 11.7902 6.34379 -0 0 -5.38545e-05 
-8.23309 12.1626 6.25684 -0 0 -5.38545e-05 
-8.06537 12.5339 6.17068 -0 0 -5.38545e-05 
-7.89876 12.9034 6.08507 -0 0 -5.38545e-05 
-7.73338 13.2714 5.99966 -0 0 -5.38545e-05 
-7.56885 13.6377 5.91462 -0 0 0 
-7.40542 14.0025 5.82969 -0 0 -5.38545e-05 
-7.2433 14.3656 5.74502 -0 0 -5.38545e-05 
-7.0823 14.7269 5.66073 -0 0 -5.38545e-05 
-6.92221 15.0861 5.57702 -0 0 -5.38545e-05 
-6.76343 15.4434 5.49333 -0 0 -5.38545e-05 
-6.60607 15.7988 5.40993 -0 0 -5.38545e-05 
-6.44987 16.1525 5.32695 -0 0 -5.38545e-05 
-6.2949 16.5044 5.24442 -0 0 -5.38545e-05 
-6.14149 16.8542 5.16248 -0 0 -5.38545e-05 
-5.98959 17.2022 5.08157 -0 0 0 
-5.83886 17.5482 5.00132 -0 0 -5.38545e-05 
-5.68927 17.8927 4.9222 -0 0 0 
-5.54111 18.235 4.84411 -0 0 0 
-5.39449 18.5755 4.76665 -0 0 -5.38545e-05 
-5.24915 18.914 4.69003 -0 0 -5.38545e-05 
-5.10507 19.2504 4.61413 -0 0 -5.38545e-05 
-4.96263 19.585 4.53915 -0 0 -5.38545e-05 
-4.82191 19.9178 4.46492 -0 0 -5.38545e-05 
-4.68247 20.2485 4.3916 -0 0 -5.38545e-05 
-4.54432 20.5768 4.31925 -0 0 -5.38545e-05 
-4.40772 20.9021 4.24787 -0 0 -5.38545e-05 
-4.27286 21.2249 4.17632 -0 0 -5.38545e-05 
-4.13975 21.5449 4.10446 -0 0 -5.38545e-05 
-4.00823 21.8623 4.03292 -0 0 -5.38545e-05 
-3.87821 22.1771 3.96149 -0 0 -0.000107709 
-3.74987 22.4894 3.89006 -0 0 -5.38545e-05 
-3.62332 22.7984 3.81908 -0 0 -5.38545e-05 
-3.49845 23.1047 3.74866 -0 0 -5.38545e-05 
-3.37497 23.4086 3.67912 -0 0 -5.38545e-05 
-3.25324 23.7101 3.6105 -0 0 -5.38545e-05 
-3.13342 24.0094 3.54325 -0 0 0 
-3.01532 24.306 3.47718 -0 0 0 
-2.8989 24.6 3.41216 -0 0 0 
-2.78389 24.8911 3.34763 -0 0 0 
-2.67052 25.1798 3.28339 -0 0 -5.38545e-05 
-2.55907 25.4661 3.21971 -0 0 0 
-2.44958 25.7498 3.15697 -0 0 0 
-2.34183 26.031 3.09525 -0 0 0 
-2.23562 26.3095 3.03457 -0 0 0 
-2.13122 26.5852 2.97524 -0 0 -5.38545e-05 
-2.02872 26.8577 2.91685 -0 0 -5.38545e-05 
-1.92806 27.1273 2.85956 -0 0 -5.38545e-05 
-1.82922 27.3936 2.80281 -0 0 -5.38545e-05 
-1.73233 27.6567 2.74643 -0 0 -5.38545e-05 
-1.63715 27.9169 2.69025 -0 0 -5.38545e-05 
-1.54364 28.1738 2.63417 -0 3.43323e-05 -5.31814e-05 
-1.45186 28.4275 2.57824 -0 0 -5.38545e-05 
-1.36197 28.6778 2.52248 -0 0 -5.38545e-05 
-1.27393 28.9249 2.46642 -0 0 -5.38545e-05 
-1.18802 29.1688 2.41034 -0 0 -5.38545e-05 
-1.10388 29.4096 2.35483 -0 0 -5.38545e-05 
-1.02135 29.6471 2.30064 -0 0 0 
-0.940452 29.8816 2.24797 -0 0 0 
-0.861231 30.1128 2.1967 -0 0 -5.38545e-05 
-0.783878 30.341 2.14632 -0 0 -5.38545e-05 
-0.708749 30.566 2.09657 -0 0 0 
-0.635712 30.788 2.04711 -0 0 0 
-0.564563 31.0069 1.99792 -0 3.43323e-05 6.73182e-07 
-0.494983 31.2223 1.94971 -0 0 0 
-0.426991 31.4348 1.90228 -0 0 0 
-0.360624 31.644 1.85613 -0 0 0 
-0.296089 31.8499 1.8108 -0 0 -5.38545e-05 
-0.233534 32.0523 1.76655 -0 0 0 
-0.17268 32.2512 1.72253 -0 3.43323e-05 -5.31814e-05 
-0.113974 32.4468 1.6783 -0 3.43323e-05 -5.31814e-05 
-0.0568561 32.6386 1.6338 -0 0 -5.38545e-05 
-0.0016629 32.8272 1.58929 -0 0 -5.38545e-05 
0.0519422 33.0122 1.54475 -0 0 -5.38545e-05 
0.103866 33.1937 1.50028 -0 3.43323e-05 6.73182e-07 
0.153939 33.3715 1.45634 -0 3.43323e-05 -5.31814e-05 
0.202369 33.5459 1.41312 -0 3.43323e-05 6.73182e-07 
0.249173 33.7166 1.37066 -0 3.43323e-05 6.73182e-07 
0.294127 33.884 1.32906 -0 0 0 
0.337475 34.048 1.28817 -0 0 0 
0.379122 34.2085 1.24804 -0 0 0 
0.419199 34.3657 1.20853 -0 0 0 
0.457315 34.5193 1.16956 -0 0 0 
0.493693 34.6695 1.13138 -0 0 0 
0.528596 34.8164 1.09388 -0 0 0 
0.561517 34.9599 1.05703 -0 0 -5.38545e-05 
0.592907 35.0996 1.02052 -0 0 -5.38545e-05 
0.622858 35.2359 0.984397 -0 0 -5.38545e-05 
0.65094 35.3687 0.948188 -0 0 0 
0.677415 35.4977 0.911761 -0 0 0 
0.702677 35.623 0.874982 -0 0 0 
0.726518 35.7446 0.83797 -0 0 -5.38545e-05 
0.748621 35.8628 0.801342 -0 0 -5.38545e-05 
0.769211 35.9773 0.764798 -0 3.43323e-05 -5.31814e-05 
0.788549 36.0877 0.728605 -0 0 0 
0.806524 36.1947 0.692982 -0 0 -5.38545e-05 
0.822984 36.2982 0.65781 -0 0 0 
0.837838 36.398 0.623124 -0 0 -5.38545e-05 
0.851104 36.494 0.589125 -0 0 0 
0.862931 36.5866 0.555443 -0 0 0 
0.873507 36.6757 0.522046 -0 0 0 
0.882737 36.7614 0.488834 -0 0 -5.38545e-05 
0.890789 36.8438 0.455889 -0 0 -5.38545e-05 
0.897534 36.9225 0.423346 -0 0 -5.38545e-05 
0.902972 36.9976 0.390786 -0 0 0 
0.907026 37.069 0.35831 -0 0 -5.38545e-05 
0.909717 37.1369 0.325666 -0 0 -5.38545e-05 
0.911099 37.2011 0.292771 -0 0 0 
0.911342 37.2616 0.259943 -0 0 0 
0.911342 37.3186 0.227082 -0 3.43323e-05 -5.31814e-05 
0.911286 37.3721 0.194037 -0 0 -5.38545e-05 
0.910352 37.4218 0.161025 -0 0 -5.38545e-05 
0.907474 37.4679 0.128247 -0 0 0 
0.90314 37.5104 0.0955537 -0 0 0 
0.896843 37.5493 0.0628431 -0 0 0 
0.889239 37.5845 0.0303167 -0 0 -5.38545e-05 
0.880457 37.6166 -0.0019921 -0 0 0 
0.870349 37.645 -0.0343344 -0 0 0 
0.858933 37.67 -0.0666934 -0 0 0 
0.846601 37.6918 -0.0990022 -0 0 0 
0.833261 37.7099 -0.131244 -0 0 0 
0.819079 37.7245 -0.163469 -0 0 0 
0.804207 37.7356 -0.196029 -0 0 -5.38545e-05 
0.788549 37.7432 -0.229275 -0 0 -5.38545e-05 
0.771976 37.7476 -0.262555 -0 0 0 
0.754413 37.7487 -0.295885 -0 0 0 
0.736215 37.7468 -0.329533 -0 3.43323e-05 6.73182e-07 
0.717362 37.7414 -0.363499 -0 3.43323e-05 -5.31814e-05 
0.697707 37.7322 -0.397365 -0 0 0 
0.677359 37.7195 -0.431649 -0 3.43323e-05 6.73182e-07 
0.656284 37.7034 -0.465766 -0 3.43323e-05 -5.31814e-05 
0.634348 37.6839 -0.499832 -0 0 -5.38545e-05 
0.611983 37.6609 -0.534166 -0 3.43323e-05 -5.31814e-05 
0.589375 37.6342 -0.56835 -0 3.43323e-05 6.73182e-07 
0.566263 37.6045 -0.60322 -0 3.43323e-05 6.73182e-07 
0.542329 37.5715 -0.638442 -0 0 -5.38545e-05 
0.518114 37.5349 -0.673931 -0 3.43323e-05 -5.31814e-05 
0.493693 37.4953 -0.709873 -0 3.43323e-05 6.73182e-07 
0.468881 37.4522 -0.746333 -0 0 0 
0.443377 37.4061 -0.783296 -0 0 -5.38545e-05 
0.417443 37.3564 -0.820543 -0 0 -5.38545e-05 
0.391266 37.3035 -0.858058 -0 3.43323e-05 6.73182e-07 
0.364772 37.2474 -0.89559 -0 0 0 
0.337699 37.1879 -0.93364 -0 0 -5.38545e-05 
0.310382 37.1251 -0.971858 -0 3.43323e-05 -5.31814e-05 
0.282991 37.0592 -1.01036 -0 0 0 
0.25532 36.9904 -1.04933 -0 0 0 
0.227126 36.9185 -1.08886 -0 0 -5.38545e-05 
0.19895 36.8434 -1.12865 -0 0 -5.38545e-05 
0.170718 36.7653 -1.16903 -0 0 -5.38545e-05 
0.142224 36.6842 -1.20981 -0 0 -5.38545e-05 
0.113432 36.6 -1.25085 -0 0 0 
0.0846769 36.513 -1.29257 -0 3.43323e-05 -5.31814e-05 
0.0560153 36.423 -1.33482 -0 0 0 
0.0271856 36.33 -1.37716 -0 0 0 
-0.00156948 36.2341 -1.41993 -0 0 0 
-0.0301377 36.1351 -1.46339 -0 0 0 
-0.0585938 36.0331 -1.50723 -0 0 0 
-0.0869938 35.9284 -1.55149 -0 0 0 
-0.115151 35.821 -1.59651 -0 3.43323e-05 -5.31814e-05 
-0.14299 35.7108 -1.64239 -0 0 -5.38545e-05 
-0.171017 35.5974 -1.68875 -0 0 0 
-0.198856 35.4815 -1.73558 -0 0 0 
-0.226154 35.363 -1.78298 -0 0 0 
-0.253078 35.2417 -1.8311 -0 3.43323e-05 6.73182e-07 
-0.280039 35.1177 -1.87982 -0 0 -5.38545e-05 
-0.306627 34.991 -1.92889 -0 3.43323e-05 6.73182e-07 
-0.33271 34.8619 -1.97819 -0 0 0 
-0.358532 34.7301 -2.0276 -0 0 0 
-0.384316 34.5955 -2.07749 -0 0 0 
-0.409558 34.4585 -2.12814 -0 0 0 
-0.434147 34.3189 -2.17957 -0 0 0 
-0.458343 34.1768 -2.23153 -0 0 0 
-0.48224 34.0321 -2.2843 -0 0 0 
-0.505689 33.8852 -2.3379 -0 0 0 
-0.528446 33.7358 -2.39232 -0 0 0 
-0.550624 33.5838 -2.44747 -0 0 0 
-0.572447 33.4295 -2.50298 -0 0 0 
-0.593691 33.2731 -2.55897 -0 0 0 
-0.614169 33.114 -2.61547 -0 0 0 
-0.63375 32.9528 -2.67262 -0 0 0 
-0.652678 32.7893 -2.73041 -0 0 0 
-0.671025 32.6236 -2.78873 -0 0 0 
-0.688776 32.4555 -2.84786 -0 0 0 
-0.705591 32.2856 -2.90764 -0 0 0 
-0.721473 32.1134 -2.96806 -0 0 0 
-0.736458 31.9393 -3.02881 -0 0 0 
-0.75062 31.7632 -3.08998 -0 0 0 
-0.764166 31.585 -3.1514 -0 0 0 
-0.777002 31.4048 -3.21313 -0 0 0 
-0.788942 31.2227 -3.27563 -0 0 0 
-0.799984 31.0384 -3.33917 -0 0 -5.38545e-05 
-0.809905 30.8523 -3.40364 -0 0 0 
-0.818874 30.6642 -3.46906 -0 0 0 
-0.826833 30.4741 -3.53547 -0 0 0 
-0.833746 30.2823 -3.60226 -0 0 0 
-0.839763 30.0884 -3.66964 -0 0 0 
-0.844751 29.8928 -3.73741 -0 0 0 
-0.848713 29.6954 -3.80588 -0 0 0 
-0.851758 29.4964 -3.87493 -0 0 0 
-0.853944 29.2957 -3.94465 -0 0 0 
-0.855121 29.0934 -4.01488 -0 0 0 
-0.855271 28.8897 -4.08564 -0 0 0 
-0.855271 28.6846 -4.15648 -0 0 0 
-0.855196 28.4777 -4.2277 -0 0 0 
-0.854094 28.2696 -4.29933 -0 0 0 
-0.851029 28.0599 -4.37163 -0 0 0 
-0.84634 27.8488 -4.44462 -0 3.43323e-05 6.73182e-07 
-0.839669 27.6362 -4.51828 -0 0 0 
-0.831673 27.4221 -4.59249 -0 0 0 
-0.822349 27.2069 -4.66741 -0 0 0 
-0.81183 26.99 -4.74286 -0 0 0 
-0.799872 26.772 -4.81876 -0 0 0 
-0.786382 26.5526 -4.8954 -0 0 0 
-0.771584 26.3321 -4.97266 -0 0 0 
-0.75546 26.1103 -5.05065 -0 3.43323e-05 -5.31814e-05 
-0.737934 25.8874 -5.12898 -0 0 0 
-0.719324 25.6635 -5.20759 -0 0 0 
-0.6995 25.4383 -5.28609 -0 0 0 
-0.67863 25.2122 -5.36478 -0 0 0 
-0.656321 24.9851 -5.44388 -0 0 0 
-0.632312 24.7571 -5.52388 -0 0 0 
-0.606901 24.5281 -5.60464 -0 0 0 
-0.580482 24.2981 -5.68611 -0 0 0 
-0.552848 24.0674 -5.76791 -0 0 0 
-0.523588 23.8357 -5.84958 -0 0 0 
-0.49289 23.6032 -5.93116 -0 0 0 
-0.460921 23.3699 -6.01308 -0 0 0 
-0.427383 23.136 -6.09568 -0 0 0 
-0.392444 22.9013 -6.17901 -0 0 0 
-0.356234 22.666 -6.26283 -0 0 0 
-0.318473 22.4301 -6.34677 -0 0 0 
-0.27946 22.1937 -6.43042 -0 0 0 
-0.239326 21.9566 -6.51402 -0 0 0 
-0.197586 21.719 -6.59792 -0 0 0 
-0.154649 21.4807 -6.68221 -0 0 0 
-0.110237 21.2421 -6.7671 -0 0 0 
-0.0645167 21.0031 -6.85233 -0 0 0 
-0.0174698 20.7637 -6.93753 -0 0 0 
0.0309037 20.5238 -7.02259 -0 0 0 
0.0807532 20.2836 -7.10798 -0 0 0 
0.132098 20.0431 -7.19351 -0 0 0 
0.184993 19.8022 -7.27917 -0 0 0 
0.239476 19.5612 -7.36518 -0 0 0 
0.295323 19.3198 -7.45119 -0 0 0 
0.352441 19.0782 -7.53731 -0 0 0 
0.41096 18.8364 -7.62337 -0 0 0 
0.470787 18.5945 -7.70983 -0 0 0 
0.531921 18.3525 -7.7963 -0 0 0 
0.594383 18.1104 -7.88279 -0 0 0 
0.658152 17.8681 -7.96927 -0 0 0 
0.723304 17.626 -8.05542 -0 0 0 
0.789839 17.384 -8.14123 -0 0 0 
0.857886 17.1422 -8.22721 -0 0 0 
0.927392 16.9005 -8.31307 -0 0 0 
0.998242 16.6591 -8.39878 -0 0 0 
1.07023 16.4177 -8.48434 -0 0 0 
1.14362 16.1767 -8.56956 -0 0 0 
1.21816 15.9357 -8.65429 -0 0 0 
1.29392 15.6951 -8.73908 -0 0 0 
1.37127 15.4546 -8.82366 -0 0 0 
1.45005 15.2145 -8.90834 -0 0 0 
1.53026 14.9747 -8.99288 -0 0 0 
1.61163 14.7353 -9.07703 -0 0 0 
1.69429 14.4962 -9.16071 -0 0 0 
1.77812 14.2575 -9.24391 -0 0 0 
1.86299 14.0194 -9.32676 -0 0 0 
1.94916 13.7818 -9.40947 -0 0 0 
2.03653 13.5448 -9.49185 -0 0 0 
2.1252 13.3083 -9.57355 -0 0 0 
2.21515 13.0724 -9.65457 -0 0 0 
2.30623 12.8372 -9.73474 -0 0 0 
2.39833 12.6028 -9.81459 -0 0 0 
2.49141 12.3688 -9.89412 -0 0 0 
2.58571 12.1356 -9.97347 -0 0 0 
2.68145 11.903 -10.0523 -0 0 0 
2.7784 11.6714 -10.1305 -0 0 0 
2.87647 11.4403 -10.2077 -0 0 0 
2.97541 11.2102 -10.2842 -0 0 0 
3.07539 10.981 -10.36 -0 0 0 
3.17636 10.7525 -10.4353 -0 0 0 
3.27847 10.5248 -10.5103 -0 0 0 
3.38179 10.2979 -10.5848 -0 0 0 
3.48592 10.0721 -10.6589 -0 0 0 
3.59092 9.84717 -10.7319 -0 0 0 
3.69673 9.62315 -10.8038 -0 0 0 
3.80334 9.40002 -10.8746 -0 0 0 
3.91104 9.17798 -10.9447 -0 0 0 
4.01967 8.95717 -11.0141 -0 0 0 
4.12918 8.73739 -11.0827 -0 0 0 
4.2393 8.51885 -11.1505 -0 0 0 
4.35016 8.30147 -11.2172 -0 0 0 
4.46187 8.08536 -11.2829 -0 0 0 
4.57457 7.87048 -11.3472 -0 0 0 
4.68823 7.65715 -11.4101 -0 0 0 
4.80248 7.44511 -11.4721 -0 0 0 
4.91732 7.23439 -11.533 -0 0 0 
5.03292 7.02506 -11.5928 -0 0 0 
5.14939 6.81687 -11.6517 -0 0 0 
5.2668 6.61001 -11.7096 -0 0 0 
5.38463 6.40417 -11.7665 -0 0 0 
5.50299 6.19971 -11.8224 -0 0 0 
5.62186 5.99657 -11.8769 -0 0 0 
5.74137 5.79437 -11.9303 -0 0 0 
5.86152 5.59355 -11.9825 -0 0 0 
5.98219 5.39396 -12.0335 -0 0 0 
6.10291 5.19588 -12.0833 -0 0 0 
6.2239 4.99971 -12.1318 -0 0 0 
6.34541 4.80512 -12.179 -0 0 0 
6.46729 4.61232 -12.225 -0 0 0 
6.58959 4.42116 -12.2695 -0 0 0 
6.71201 4.23163 -12.3125 -0 0 0 
6.83473 4.04381 -12.3539 -0 0 0 
6.9579 3.85765 -12.3933 -0 0 0 
7.0816 3.67329 -12.4312 -0 0 0 
7.20552 3.49065 -12.4675 -0 0 0 
7.32954 3.30951 -12.5023 -0 0 0 
7.45383 3.13012 -12.5356 -0 0 0 
7.57832 2.95258 -12.5674 -0 0 0 
7.70321 2.77646 -12.5977 -0 0 0 
7.82836 2.60193 -12.6268 -0 0 0 
7.95328 2.42896 -12.6543 -0 0 0 
8.07815 2.25738 -12.6802 -0 0 0 
8.20312 2.08757 -12.7046 -0 0 0 
8.32829 1.91953 -12.7275 -0 0 0 
8.45308 1.75344 -12.7487 -0 0 0 
8.57756 1.58929 -12.7681 -0 0 0 
8.70171 1.42694 -12.786 -0 0 0 
8.82602 1.26662 -12.8022 -0 0 0 
8.95031 1.10843 -12.8163 -0 0 0 
9.0743 0.951984 -12.8283 -0 0 0 
9.19791 0.797579 -12.8385 -0 0 0 
9.32132 0.645182 -12.8468 -0 0 0 
9.44464 0.494731 -12.8534 -0 -3.43323e-05 -6.73182e-07 
9.56786 0.34609 -12.8578 -0 0 0 
9.69071 0.199548 -12.8603 -0 0 0 
9.81324 0.0548458 -12.8609 -0 0 0 
9.93515 -0.0880476 -12.8604 -0 0 0 
10.0571 -0.22881 -12.8587 -0 0 0 
10.1787 -0.367626 -12.855 -0 0 0 
10.2997 -0.504572 -12.8495 -0 0 0 
10.42 -0.639633 -12.8419 -0 0 0 
10.5396 -0.772562 -12.8321 -0 0 0 
10.6586 -0.903346 -12.8198 -0 0 0 
10.777 -1.03218 -12.8048 -0 0 0 
10.8948 -1.15907 -12.7875 -0 0 0 
11.0119 -1.28374 -12.7682 -0 0 0 
11.1281 -1.40629 -12.7466 -0 0 0 
11.2437 -1.52684 -12.7231 -0 0 0 
11.3588 -1.64528 -12.6973 -0 0 0 
11.4732 -1.76149 -12.6694 -0 0 0 
11.5867 -1.87564 -12.6391 -0 0 0 
11.6991 -1.98778 -12.6067 -0 0 0 
11.811 -2.09803 -12.572 -0 0 0 
11.9222 -2.20596 -12.5351 -0 0 0 
12.0325 -2.31183 -12.4962 -0 0 0 
12.142 -2.41562 -12.4554 -0 0 0 
12.2505 -2.51733 -12.4129 -0 0 0 
12.3577 -2.61696 -12.3684 -0 0 0 
12.4642 -2.71436 -12.3216 -0 0 0 
12.5698 -2.80957 -12.2726 -0 0 0 
12.6742 -2.90261 -12.221 -0 0 0 
12.7773 -2.99343 -12.167 -0 0 0 
12.8791 -3.08216 -12.1107 -0 0 0 
12.9796 -3.1687 -12.0517 -0 0 0 
13.079 -3.25292 -11.9905 -0 0 0 
13.1774 -3.33493 -11.9268 -0 0 0 
13.2745 -3.41477 -11.861 -0 0 0 
13.3704 -3.49264 -11.7933 -0 0 0 
13.4648 -3.56838 -11.7234 -0 0 0 
13.5579 -3.64188 -11.6513 -0 0 0 
13.6498 -3.71327 -11.5769 -0 -3.43323e-05 -6.73182e-07 
13.7406 -3.78251 -11.5002 -0 0 0 
13.8303 -3.84954 -11.421 -0 0 0 
13.9184 -3.91444 -11.3396 -0 0 0 
14.0049 -3.97721 -11.2559 -0 0 0 
14.0899 -4.03785 -11.17 -0 0 0 
14.1734 -4.09642 -11.0816 -0 0 0 
14.2556 -4.15272 -10.9907 -0 0 0 
14.3363 -4.2065 -10.8976 -0 -3.43323e-05 5.31814e-05 
14.4156 -4.25824 -10.8022 -0 0 0 
14.4932 -4.30769 -10.7046 -0 0 0 
14.5691 -4.35509 -10.6047 -0 0 0 
14.6435 -4.4004 -10.5023 -0 0 0 
14.7161 -4.44341 -10.3975 -0 0 0 
14.7869 -4.48451 -10.2903 -0 -3.43323e-05 -6.73182e-07 
14.8561 -4.52348 -10.1812 -0 0 0 
14.9238 -4.56036 -10.0699 -0 0 0 
14.9899 -4.59504 -9.9564 -0 -3.43323e-05 -6.73182e-07 
15.0542 -4.6274 -9.8401 -0 0 0 
15.1167 -4.65788 -9.72153 -0 0 0 
15.1774 -4.68596 -9.601 -0 0 0 
15.2362 -4.71183 -9.47848 -0 0 0 
15.2931 -4.73581 -9.35336 -0 -3.43323e-05 -6.73182e-07 
15.3481 -4.75757 -9.22557 -0 -3.43323e-05 -6.73182e-07 
15.4012 -4.77701 -9.09544 -0 -3.43323e-05 -6.73182e-07 
15.4528 -4.79436 -8.96338 -0 0 0 
15.5027 -4.80994 -8.82897 -0 0 5.38545e-05 
15.5508 -4.82332 -8.69205 -0 0 0 
15.5969 -4.83445 -8.55294 -0 0 5.38545e-05 
15.6414 -4.84341 -8.41187 -0 -3.43323e-05 -6.73182e-07 
15.6836 -4.8503 -8.26857 -0 -3.43323e-05 5.31814e-05 
15.7241 -4.8552 -8.12278 -0 -3.43323e-05 5.31814e-05 
15.7626 -4.8581 -7.9753 -0 -3.43323e-05 -6.73182e-07 
15.7988 -4.85902 -7.82604 -0 -3.43323e-05 -6.73182e-07 
15.8331 -4.85876 -7.67414 -0 0 0 
15.865 -4.85666 -7.51978 -0 0 5.38545e-05 
15.8947 -4.85238 -7.36337 -0 0 0 
15.9225 -4.84587 -7.20488 -0 0 0 
15.9482 -4.83725 -7.04368 -0 0 0 
15.9714 -4.82661 -6.88105 -0 0 0 
15.9926 -4.81394 -6.71678 -0 0 0 
16.0122 -4.79919 -6.54975 -0 0 5.38545e-05 
16.03 -4.78228 -6.38052 -0 0 5.38545e-05 
16.0458 -4.76325 -6.20931 -0 0 0 
16.0593 -4.74237 -6.03567 -0 0 5.38545e-05 
16.0708 -4.71954 -5.85993 -0 0 0 
16.08 -4.69454 -5.68303 -0 0 0 
16.0873 -4.66761 -5.50393 -0 0 0 
16.0926 -4.63884 -5.3224 -0 0 5.38545e-05 
16.0958 -4.6081 -5.13914 -0 0 5.38545e-05 
16.0969 -4.57553 -4.95339 -0 0 0 
16.0966 -4.54124 -4.76521 -0 0 0 
16.0949 -4.50462 -4.57578 -0 0 0 
16.0907 -4.46648 -4.38444 -0 0 5.38545e-05 
16.0838 -4.42628 -4.19109 -0 0 0 
16.0743 -4.38437 -3.99653 -0 0 0 
16.0624 -4.34047 -3.79966 -0 0 0 
16.048 -4.29513 -3.60089 -0 0 0 
16.0312 -4.24774 -3.40089 -0 0 0 
16.0122 -4.19891 -3.19892 -0 -3.43323e-05 5.31814e-05 
15.9908 -4.14825 -2.99544 -0 -3.43323e-05 -6.73182e-07 
15.967 -4.09602 -2.78987 -0 0 0 
15.9408 -4.04214 -2.58194 -0 0 0 
15.9126 -3.98628 -2.37282 -0 0 0 
15.8824 -3.92865 -2.16211 -0 0 0 
15.8497 -3.86946 -1.94983 -0 -3.43323e-05 -6.73182e-07 
15.8146 -3.80838 -1.736 -0 0 0 
15.7776 -3.74566 -1.52012 -0 0 0 
15.7382 -3.6816 -1.30302 -0 0 0 
15.6968 -3.61601 -1.08424 -0 -3.43323e-05 -6.73182e-07 
15.6532 -3.54871 -0.863716 -0 -3.43323e-05 -6.73182e-07 
15.6072 -3.47978 -0.642125 -0 0 0 
15.5594 -3.40924 -0.418491 -0 0 0 
15.509 -3.3371 -0.193752 -0 0 5.38545e-05 
15.4566 -3.26346 0.032359 -0 0 0 
15.4018 -3.18838 0.259776 -0 0 0 
15.3448 -3.11176 0.48808 -0 0 0 
15.2855 -3.03379 0.718327 -0 0 0 
15.2243 -2.95421 0.949175 -0 -3.43323e-05 -6.73182e-07 
15.161 -2.87301 1.18193 -0 0 5.38545e-05 
15.0955 -2.79044 1.41561 -0 -3.43323e-05 -6.73182e-07 
15.028 -2.70654 1.65049 -0 0 0 
14.9583 -2.62122 1.88722 -0 -3.43323e-05 -6.73182e-07 
14.8864 -2.5345 2.12466 -0 0 0 
14.8124 -2.44637 2.36366 -0 0 0 
14.7361 -2.35673 2.60295 -0 0 0 
14.6576 -2.26566 2.84391 -0 0 0 
14.5771 -2.17341 3.08571 -0 0 0 
14.4948 -2.07999 3.32866 -0 0 0 
14.4104 -1.98519 3.57245 -0 0 0 
14.324 -1.88901 3.81672 -0 0 0 
14.2356 -1.7917 4.06264 -0 0 0 
14.1451 -1.69329 4.30926 -0 0 0 
14.0524 -1.59382 4.5571 -0 0 0 
13.9578 -1.49307 4.8051 -0 0 0 
13.8614 -1.39096 5.0539 -0 0 0 
13.7631 -1.28773 5.30284 -0 0 0 
13.6627 -1.18337 5.55279 -0 0 0 
13.5603 -1.07788 5.80346 -0 0 0 
13.4559 -0.971344 6.0548 -0 0 0 
13.3495 -0.863798 6.30733 -0 0 0 
13.2414 -0.755195 6.56034 -0 0 0 
13.1314 -0.645427 6.81387 -0 0 0 
13.0194 -0.534678 7.06705 -0 0 0 
12.9053 -0.422871 7.32149 -0 -3.43323e-05 5.31814e-05 
12.7893 -0.309761 7.57584 -0 0 0 
12.6717 -0.195884 7.83115 -0 0 0 
12.5524 -0.081257 8.08615 -0 0 0 
12.4313 0.0344281 8.3419 -0 0 0 
12.3083 0.151002 8.59804 -0 0 0 
12.1834 0.268481 8.85494 -0 0 0 
12.0571 0.386848 9.1119 -0 0 0 
11.9292 0.505936 9.36866 -0 0 0 
11.7997 0.626143 9.62522 -0 0 0 
11.6683 0.747102 9.88165 -0 0 0 
11.5353 0.868857 10.1382 -0 0 0 
11.4005 0.991195 10.3952 -0 -3.43323e-05 -6.73182e-07 
11.2645 1.11433 10.6526 -0 0 0 
11.1268 1.23823 10.91 -0 0 0 
10.9875 1.36278 11.1673 -0 0 0 
10.8463 1.488 11.4235 -0 -3.43323e-05 -6.73182e-07 
10.704 1.61407 11.6796 -0 0 0 
10.5601 1.74096 11.9358 -0 0 0 
10.4148 1.86848 12.1924 -0 0 0 
10.268 1.99643 12.4485 -0 0 0 
10.1198 2.12518 12.7045 -0 0 0 
9.97011 2.25447 12.9598 -0 0 0 
9.81896 2.38423 13.215 -0 0 0 
9.66649 2.51426 13.4702 -0 0 0 
9.51298 2.64518 13.7249 -0 0 0 
9.3582 2.7766 13.9788 -0 0 0 
9.20183 2.90838 14.2315 -0 0 0 
9.04405 3.04065 14.4835 -0 0 0 
8.88525 3.17333 14.7348 -0 0 5.38545e-05 
8.72539 3.30646 14.9863 -0 0 0 
8.56427 3.4397 15.237 -0 0 0 
8.40209 3.57338 15.4876 -0 0 0 
8.23911 3.70764 15.7367 -0 0 0 
8.07499 3.84229 15.9846 -0 0 5.38545e-05 
7.9096 3.97715 16.2315 -0 0 5.38545e-05 
7.74303 4.11242 16.4782 -0 0 0 
7.57578 4.24807 16.7248 -0 0 0 
7.40764 4.38374 16.9698 -0 0 0 
7.23827 4.5196 17.2143 -0 0 0 
7.06817 4.65601 17.4573 -0 0 0 
6.89719 4.79265 17.6999 -0 0 0 
6.72533 4.9293 17.9411 -0 0 0 
6.55247 5.06614 18.1816 -0 0 0 
6.37885 5.20315 18.4206 -0 0 0 
6.20462 5.34041 18.658 -0 0 0 
6.02944 5.4777 18.8942 -0 0 0 
5.85373 5.6151 19.1287 -0 0 0 
5.67752 5.75266 19.3629 -0 0 0 
5.50073 5.89024 19.5952 -0 0 0 
5.32319 6.02766 19.8269 -0 0 0 
5.14515 6.16517 20.057 -0 0 0 
4.96651 6.30273 20.2852 -0 0 0 
4.78729 6.44006 20.5121 -0 0 0 
4.60766 6.57728 20.7372 -0 0 0 
4.42783 6.71466 20.9612 -0 0 0 
4.24734 6.85188 21.1837 -0 0 0 
4.0664 6.98895 21.4047 -0 0 0 
3.88505 7.12605 21.6242 -0 0 0 
3.70325 7.26318 21.8417 -0 0 0 
3.52112 7.40011 22.0581 -0 0 0 
3.33887 7.53681 22.2729 -0 0 0 
3.15648 7.67348 22.486 -0 0 0 
2.97373 7.81008 22.6975 -0 0 0 
2.79092 7.94642 22.9067 -0 0 0 
2.60787 8.08251 23.1143 -0 0 0 
2.42463 8.21835 23.3197 -0 0 0 
2.24138 8.35382 23.523 -0 0 0 
2.05837 8.48877 23.7248 -0 0 0 
1.87536 8.62338 23.9244 -0 0 0 
1.69206 8.75779 24.122 -0 0 0 
1.50894 8.89178 24.3177 -0 0 0 
1.32587 9.02528 24.5112 -0 0 0 
1.14288 9.15851 24.7029 -0 0 0 
0.960071 9.2914 24.8927 -0 0 0 
0.777582 9.4239 25.0795 -0 0 0 
0.595055 9.55585 25.2646 -0 0 0 
0.412529 9.68747 25.4476 -0 0 0 
0.230489 9.81881 25.6287 -0 0 0 
0.0488406 9.9495 25.8079 -0 0 0 
-0.132621 10.0797 25.9849 -0 0 0 
-0.313708 10.2095 26.1588 -0 0 0 
-0.49431 10.3388 26.3304 -0 0 0 
-0.674744 10.4672 26.5 -0 0 0 
-0.85471 10.5952 26.6673 -0 0 0 
-1.03404 10.7227 26.8327 -0 0 0 
-1.21289 10.8498 26.9963 -0 3.43323e-05 6.73182e-07 
-1.3913 10.9762 27.1568 -0 0 0 
-1.56899 11.1021 27.3144 -0 0 0 
-1.74595 11.2275 27.4699 -0 0 0 
-1.92248 11.3524 27.6231 -0 3.43323e-05 6.73182e-07 
-2.09828 11.4764 27.7738 -0 0 0 
-2.27348 11.5997 27.9218 -0 3.43323e-05 6.73182e-07 
-2.44795 11.7225 28.0677 -0 0 0 
-2.62175 11.8446 28.2107 -0 3.43323e-05 6.73182e-07 
-2.79469 11.9657 28.3506 -0 0 0 
-2.96681 12.0859 28.4879 -0 0 0 
-3.13828 12.2052 28.6226 -0 0 0 
-3.30888 12.3236 28.7547 -0 0 0 
-3.47857 12.4412 28.8838 -0 0 0 
-3.6474 12.558 29.0106 -0 3.43323e-05 6.73182e-07 
-3.81545 12.6741 29.1351 -0 0 0 
-3.98245 12.7896 29.2566 -0 0 0 
-4.14839 12.9041 29.3749 -0 0 0 
-4.31344 13.0179 29.4905 -0 0 0 
-4.47753 13.1309 29.604 -0 0 0 
-4.64045 13.2432 29.7152 -0 0 0 
-4.80217 13.3547 29.8236 -0 0 0 
-4.96294 13.4652 29.929 -0 0 0 
-5.12252 13.5749 30.0317 -0 0 0 
-5.28074 13.6839 30.1319 -0 3.43323e-05 6.73182e-07 
-5.43782 13.7924 30.2295 -0 0 0 
-5.59398 13.8999 30.3242 -0 0 0 
-5.74878 14.0064 30.4159 -0 3.43323e-05 6.73182e-07 
-5.90224 14.1116 30.5045 -0 3.43323e-05 6.73182e-07 
-6.05457 14.2159 30.5903 -0 3.43323e-05 6.73182e-07 
-6.20576 14.319 30.6733 -0 0 0 
-6.3555 14.421 30.7537 -0 3.43323e-05 6.73182e-07 
-6.50378 14.5216 30.8312 -0 3.43323e-05 6.73182e-07 
-6.65069 14.6212 30.9057 -0 0 0 
-6.79639 14.72 30.9769 -0 3.43323e-05 6.73182e-07 
-6.94059 14.8177 31.045 -0 0 0 
-7.08332 14.9143 31.1099 -0 3.43323e-05 6.73182e-07 
-7.22458 15.0097 31.1719 -0 3.43323e-05 6.73182e-07 
-7.36443 15.1041 31.2313 -0 3.43323e-05 6.73182e-07 
-7.50288 15.1973 31.2878 -0 0 0 
-7.63961 15.2894 31.3416 -0 3.43323e-05 6.73182e-07 
-7.77471 15.3803 31.3922 -0 0 0 
-7.90838 15.4703 31.44 -0 3.43323e-05 6.73182e-07 
-8.04063 15.5595 31.4846 -0 0 0 
-8.17123 15.6479 31.5261 -0 0 0 
-8.30013 15.7355 31.5646 -0 0 0 
-8.42734 15.822 31.6003 -0 0 0 
-8.55314 15.9074 31.6333 -0 0 0 
-8.67742 15.9914 31.6637 -0 0 0 
-8.79982 16.0741 31.6914 -0 0 0 
-8.92047 16.1556 31.7162 -0 0 0 
-9.03934 16.2361 31.7382 -0 0 0 
-9.15673 16.3154 31.7577 -0 0 0 
-9.27244 16.3933 31.7743 -0 3.43323e-05 6.73182e-07 
-9.38636 16.4699 31.7876 -0 3.43323e-05 6.73182e-07 
-9.49847 16.5453 31.7979 -0 0 0 
-9.60874 16.6196 31.8054 -0 3.43323e-05 6.73182e-07 
-9.71726 16.6926 31.8098 -0 3.43323e-05 6.73182e-07 
-9.82406 16.7643 31.811 -0 3.43323e-05 6.73182e-07 
-9.92912 16.8347 31.8103 -0 0 0 
-10.0322 16.9038 31.8076 -0 3.43323e-05 6.73182e-07 
-10.1332 16.9716 31.8007 -0 3.43323e-05 6.73182e-07 
-10.2325 17.0382 31.7908 -0 3.43323e-05 6.73182e-07 
-10.3299 17.1034 31.7775 -0 3.43323e-05 6.73182e-07 
-10.4257 17.1673 31.7608 -0 3.43323e-05 6.73182e-07 
-10.5197 17.2303 31.7409 -0 3.43323e-05 6.73182e-07 
-10.6117 17.2923 31.7181 -0 3.43323e-05 6.73182e-07 
-10.7016 17.3529 31.6927 -0 3.43323e-05 6.73182e-07 
-10.7897 17.4122 31.6649 -0 3.43323e-05 6.73182e-07 
-10.8759 17.4704 31.6344 -0 3.43323e-05 6.73182e-07 
-10.9603 17.5273 31.601 -0 3.43323e-05 6.73182e-07 
-11.0429 17.5828 31.5649 -0 0 0 
-11.1236 17.6373 31.5259 -0 3.43323e-05 6.73182e-07 
-11.2021 17.6907 31.4844 -0 0 0 
-11.2786 17.7424 31.4403 -0 3.43323e-05 6.73182e-07 
-11.3531 17.7932 31.3936 -0 3.43323e-05 6.73182e-07 
-11.4256 17.8423 31.344 -0 3.43323e-05 6.73182e-07 
-11.4963 17.8899 31.2915 -0 3.43323e-05 6.73182e-07 
-11.565 17.9364 31.2361 -0 3.43323e-05 6.73182e-07 
-11.6319 17.9813 31.1778 -0 3.43323e-05 6.73182e-07 
-11.6968 18.025 31.1167 -0 3.43323e-05 6.73182e-07 
-11.7599 18.0672 31.0526 -0 3.43323e-05 6.73182e-07 
-11.8207 18.1084 30.9859 -0 3.43323e-05 6.73182e-07 
-11.8793 18.1482 30.917 -0 0 0 
-11.9361 18.1869 30.8459 -0 3.43323e-05 6.73182e-07 
-11.9908 18.224 30.7721 -0 3.43323e-05 6.73182e-07 
-12.0436 18.2599 30.6957 -0 3.43323e-05 6.73182e-07 
-12.0943 18.2945 30.6164 -0 3.43323e-05 6.73182e-07 
-12.1433 18.3275 30.5348 -0 3.43323e-05 6.73182e-07 
-12.1903 18.3597 30.4504 -0 3.43323e-05 6.73182e-07 
-12.2355 18.3901 30.3639 -0 3.43323e-05 6.73182e-07 
-12.2787 18.4195 30.2753 -0 3.43323e-05 6.73182e-07 
-12.3198 18.4476 30.1844 -0 3.43323e-05 6.73182e-07 
-12.3588 18.474 30.0908 -0 3.43323e-05 6.73182e-07 
-12.3956 18.4992 29.9947 -0 3.43323e-05 6.73182e-07 
-12.4305 18.5235 29.8961 -0 3.43323e-05 6.73182e-07 
-12.4635 18.5461 29.7954 -0 3.43323e-05 6.73182e-07 
-12.4943 18.5674 29.6924 -0 3.43323e-05 6.73182e-07 
-12.5234 18.5877 29.587 -0 0 0 
-12.5506 18.6067 29.479 -0 3.43323e-05 6.73182e-07 
-12.5756 18.6242 29.3686 -0 3.43323e-05 6.73182e-07 
-12.5984 18.6403 29.2561 -0 3.43323e-05 6.73182e-07 
-12.6196 18.6551 29.1419 -0 3.43323e-05 6.73182e-07 
-12.6392 18.6687 29.025 -0 3.43323e-05 6.73182e-07 
-12.6565 18.6812 28.9057 -0 0 0 
-12.6717 18.6923 28.7839 -0 3.43323e-05 6.73182e-07 
-12.6851 18.7018 28.6604 -0 0 0 
-12.6969 18.7099 28.5351 -0 3.43323e-05 6.73182e-07 
-12.707 18.7167 28.4073 -0 3.43323e-05 6.73182e-07 
-12.7153 18.7222 28.2774 -0 3.43323e-05 6.73182e-07 
-12.722 18.7265 28.1459 -0 3.43323e-05 6.73182e-07 
-12.7268 18.7296 28.0127 -0 0 0 
-12.7297 18.7314 27.8771 -0 3.43323e-05 6.73182e-07 
-12.7306 18.732 27.7395 -0 3.43323e-05 6.73182e-07 
-12.7302 18.732 27.6002 -0 3.43323e-05 6.73182e-07 
-12.7286 18.7311 27.4595 -0 3.43323e-05 6.73182e-07 
-12.7248 18.7287 27.3164 -0 3.43323e-05 6.73182e-07 
-12.7187 18.7249 27.1713 -0 3.43323e-05 6.73182e-07 
-12.7105 18.7197 27.0247 -0 3.43323e-05 6.73182e-07 
-12.7 18.7131 26.8767 -0 3.43323e-05 6.73182e-07 
-12.6874 18.7052 26.7269 -0 3.43323e-05 6.73182e-07 
-12.6727 18.6961 26.5752 -0 3.43323e-05 6.73182e-07 
-12.656 18.6857 26.4221 -0 3.43323e-05 6.73182e-07 
-12.6379 18.674 26.2674 -0 3.43323e-05 6.73182e-07 
-12.6182 18.661 26.1105 -0 3.43323e-05 6.73182e-07 
-12.5967 18.6463 25.9521 -0 3.43323e-05 6.73182e-07 
-12.5732 18.6304 25.7927 -0 3.43323e-05 6.73182e-07 
-12.5479 18.6132 25.6312 -0 3.43323e-05 6.73182e-07 
-12.5213 18.5949 25.4678 -0 3.43323e-05 6.73182e-07 
-12.493 18.5753 25.3034 -0 3.43323e-05 6.73182e-07 
-12.463 18.5541 25.1372 -0 3.43323e-05 6.73182e-07 
-12.4314 18.5319 24.9694 -0 3.43323e-05 6.73182e-07 
-12.3984 18.5086 24.8005 -0 3.43323e-05 6.73182e-07 
-12.3637 18.484 24.6304 -0 3.43323e-05 6.73182e-07 
-12.3273 18.4582 24.4585 -0 3.43323e-05 6.73182e-07 
-12.2897 18.4314 24.2852 -0 0 0 
-12.2503 18.4034 24.1114 -0 3.43323e-05 6.73182e-07 
-12.2095 18.3742 23.9363 -0 0 0 
-12.1671 18.344 23.76 -0 0 0 
-12.123 18.3127 23.5828 -0 0 0 
-12.0775 18.2802 23.4044 -0 0 0 
-12.0303 18.2469 23.2245 -0 0 0 
-11.9818 18.2121 23.0445 -0 0 0 
-11.9317 18.1764 22.8631 -0 3.43323e-05 6.73182e-07 
-11.8802 18.1396 22.6806 -0 0 0 
-11.8274 18.1015 22.4975 -0 3.43323e-05 6.73182e-07 
-11.7734 18.0625 22.3135 -0 3.43323e-05 6.73182e-07 
-11.7181 18.0223 22.1285 -0 3.43323e-05 6.73182e-07 
-11.6615 17.9813 21.9429 -0 0 0 
-11.6037 17.9389 21.7557 -0 3.43323e-05 6.73182e-07 
-11.5446 17.8959 21.5677 -0 3.43323e-05 6.73182e-07 
-11.4841 17.8515 21.3795 -0 0 0 
-11.4222 17.8062 21.1899 -0 3.43323e-05 6.73182e-07 
-11.3591 17.7598 20.9994 -0 0 0 
-11.2947 17.7123 20.8085 -0 3.43323e-05 6.73182e-07 
-11.2292 17.6638 20.6165 -0 0 0 
-11.1625 17.6139 20.4238 -0 0 0 
-11.0948 17.5632 20.2308 -0 0 0 
-11.0261 17.5114 20.037 -0 3.43323e-05 6.73182e-07 
-10.9565 17.4587 19.8432 -0 0 0 
-10.8855 17.4052 19.6496 -0 0 0 
-10.8133 17.3506 19.4551 -0 0 0 
-10.7399 17.2953 19.2607 -0 0 0 
-10.6655 17.2393 19.0658 -0 0 0 
-10.5902 17.182 18.8699 -0 0 0 
-10.5141 17.1242 18.6743 -0 0 0 
-10.4372 17.0653 18.4784 -0 0 5.38545e-05 
-10.3592 17.0053 18.282 -0 0 0 
-10.2804 16.9445 18.0864 -0 0 0 
-10.2006 16.8829 17.8904 -0 0 0 
-10.1199 16.8204 17.6938 -0 0 0 
-10.0382 16.757 17.4974 -0 0 0 
-9.95582 16.6928 17.3002 -0 0 0 
-9.87267 16.6278 17.1024 -0 0 0 
-9.78886 16.5619 16.9052 -0 0 0 
-9.70425 16.495 16.7077 -0 0 0 
-9.61892 16.4272 16.5104 -0 0 0 
-9.53275 16.3588 16.3132 -0 0 5.38545e-05 
-9.44585 16.2896 16.1159 -0 0 0 
-9.35826 16.2196 15.9195 -0 0 0 
-9.27011 16.1487 15.723 -0 0 0 
-9.18149 16.0769 15.5261 -0 0 0 
-9.09248 16.0044 15.3293 -0 0 0 
-9.0026 15.9312 15.1328 -0 0 0 
-8.91206 15.8574 14.9372 -0 0 0 
-8.82096 15.7829 14.7426 -0 0 0 
-8.72942 15.7077 14.548 -0 0 0 
-8.63761 15.6319 14.3537 -0 0 0 
-8.54538 15.5554 14.1593 -0 0 0 
-8.4528 15.4782 13.9649 -0 0 5.38545e-05 
-8.35962 15.4004 13.7716 -0 0 0 
-8.2659 15.322 13.5789 -0 0 0 
-8.17172 15.2431 13.3867 -0 0 0 
-8.07732 15.1636 13.1958 -0 0 0 
-7.98282 15.0834 13.0051 -0 0 0 
-7.88813 15.0025 12.8145 -0 0 0 
-7.79316 14.9212 12.6247 -0 0 0 
-7.6977 14.8393 12.4352 -0 0 5.38545e-05 
-7.60192 14.757 12.2463 -0 0 0 
-7.50592 14.674 12.0589 -0 0 0 
-7.40983 14.5905 11.8717 -0 0 0 
-7.31379 14.5063 11.6851 -0 0 5.38545e-05 
-7.21748 14.4216 11.4997 -0 0 0 
-7.12097 14.3363 11.3145 -0 0 0 
-7.0243 14.2506 11.1301 -0 0 0 
-6.92742 14.1645 10.9467 -0 0 5.38545e-05 
-6.83066 14.0776 10.7639 -0 0 0 
-6.73391 13.9903 10.5822 -0 0 0 
-6.63726 13.9026 10.4019 -0 0 0 
-6.54064 13.8145 10.2222 -0 0 0 
-6.44395 13.7262 10.0435 -0 0 0 
-6.34726 13.6373 9.86573 -0 0 5.38545e-05 
-6.25066 13.548 9.68865 -0 0 0 
-6.1544 13.4584 9.51229 -0 0 5.38545e-05 
-6.05827 13.3684 9.33778 -0 0 5.38545e-05 
-5.96225 13.2783 9.16433 -0 0 5.38545e-05 
-5.86612 13.1878 8.99194 -0 0 5.38545e-05 
-5.77008 13.0969 8.82125 -0 0 5.38545e-05 
-5.67427 13.0056 8.65129 -0 0 0 
-5.57883 12.9141 8.4821 -0 0 5.38545e-05 
-5.48371 12.8224 8.31441 -0 0 5.38545e-05 
-5.38872 12.7304 8.14794 -0 0 5.38545e-05 
-5.29399 12.6382 7.98231 -0 0 0 
-5.19947 12.5456 7.81823 -0 0 0 
-5.10519 12.4526 7.65558 -0 0 5.38545e-05 
-5.01139 12.3596 7.49366 -0 0 0 
-4.91806 12.2663 7.33264 -0 0 5.38545e-05 
-4.82509 12.1727 7.17342 -0 0 5.38545e-05 
-4.7324 12.0789 7.01539 -0 0 0 
-4.63984 11.9846 6.8582 -0 0 5.38545e-05 
-4.54774 11.8903 6.70305 -0 0 0 
-4.4561 11.7959 6.54953 -0 0 0 
-4.36523 11.7014 6.39684 -0 0 5.38545e-05 
-4.27488 11.6067 6.24512 -0 0 5.38545e-05 
-4.18499 11.5118 6.09518 -0 0 5.38545e-05 
-4.09543 11.4166 5.94649 -0 0 5.38545e-05 
-4.00618 11.3216 5.79923 -0 0 5.38545e-05 
-3.91739 11.2266 5.65365 -0 0 5.38545e-05 
-3.82926 11.1316 5.50992 -0 0 5.38545e-05 
-3.74189 11.0364 5.36719 -0 0 0 
-3.65521 10.941 5.2253 -0 0 0 
-3.56908 10.8456 5.08524 -0 0 5.38545e-05 
-3.48339 10.7502 4.94693 -0 0 5.38545e-05 
-3.39808 10.6549 4.81018 -0 0 5.38545e-05 
-3.31331 10.5595 4.67486 -0 0 5.38545e-05 
-3.2292 10.4641 4.54138 -0 0 0 
-3.14605 10.3688 4.40953 -0 0 5.38545e-05 
-3.06377 10.2736 4.27887 -0 -3.43323e-05 5.31814e-05 
-2.98215 10.1784 4.14942 -0 0 5.38545e-05 
-2.90112 10.0831 4.02172 -0 -3.43323e-05 -6.73182e-07 
-2.82063 9.98773 3.89582 -0 0 5.38545e-05 
-2.74077 9.89249 3.77116 -0 0 5.38545e-05 
-2.66181 9.79746 3.64813 -0 0 5.38545e-05 
-2.58356 9.70254 3.52663 -0 0 5.38545e-05 
-2.50612 9.60756 3.40712 -0 0 5.38545e-05 
-2.42953 9.51262 3.28885 -0 0 5.38545e-05 
-2.35369 9.4176 3.17174 -0 0 5.38545e-05 
-2.27847 9.32291 3.05571 -0 0 5.38545e-05 
-2.2039 9.22847 2.94167 -0 0 5.38545e-05 
-2.13002 9.13423 2.82961 -0 0 5.38545e-05 
-2.05706 9.04002 2.71928 -0 0 5.38545e-05 
-1.98498 8.94592 2.6106 -0 0 5.38545e-05 
-1.91381 8.85209 2.50346 -0 0 5.38545e-05 
-1.84359 8.75859 2.398 -0 0 5.38545e-05 
-1.77422 8.66547 2.29434 -0 0 5.38545e-05 
-1.70559 8.57239 2.19204 -0 0 5.38545e-05 
-1.63769 8.47942 2.0915 -0 0 5.38545e-05 
-1.57062 8.38667 1.99255 -0 0 5.38545e-05 
-1.50449 8.29435 1.89512 -0 0 5.38545e-05 
-1.43932 8.20231 1.7996 -0 0 0 
-1.37503 8.11039 1.70587 -0 0 5.38545e-05 
-1.31154 8.01858 1.61341 -0 0 5.38545e-05 
-1.24915 7.92703 1.5224 -0 0 0 
-1.18763 7.83585 1.43262 -0 0 0 
-1.12705 7.74489 1.3443 -0 0 5.38545e-05 
-1.06734 7.65425 1.25797 -0 0 5.38545e-05 
-1.00826 7.56392 1.1735 -0 0 0 
-0.950112 7.47388 1.09021 -0 0 5.38545e-05 
-0.892826 7.384 1.00862 -0 0 5.38545e-05 
-0.836493 7.29468 0.928518 -0 0 5.38545e-05 
-0.78102 7.20591 0.849855 -0 0 5.38545e-05 
-0.726761 7.11748 0.772816 -0 0 5.38545e-05 
-0.673398 7.02929 0.697619 -0 0 5.38545e-05 
-0.621213 6.94146 0.624095 -0 0 5.38545e-05 
-0.569906 6.85402 0.551911 -0 0 5.38545e-05 
-0.519496 6.76703 0.481384 -0 -3.43323e-05 5.31814e-05 
-0.469908 6.68052 0.412397 -0 0 0 
-0.421068 6.59443 0.34475 -0 0 5.38545e-05 
-0.372993 6.50858 0.278609 -0 0 5.38545e-05 
-0.326002 6.42314 0.214092 -0 0 0 
-0.279927 6.33811 0.151265 -0 0 5.38545e-05 
-0.234861 6.25362 0.09018 -0 0 5.38545e-05 
-0.190617 6.16945 0.0305008 -0 0 0 
-0.147549 6.08566 -0.0278056 -0 0 5.38545e-05 
-0.105286 6.00223 -0.0846055 -0 0 5.38545e-05 
-0.0640869 5.91915 -0.140301 -0 0 5.38545e-05 
-0.0240279 5.83671 -0.19484 -0 0 5.38545e-05 
0.0153771 5.75496 -0.247773 -0 -3.43323e-05 5.31814e-05 
0.0536051 5.67352 -0.299233 -0 -3.43323e-05 5.31814e-05 
0.0911977 5.59263 -0.348868 -0 0 5.38545e-05 
0.127875 5.51217 -0.396812 -0 0 5.38545e-05 
0.163618 5.43232 -0.443434 -0 0 5.38545e-05 
0.198688 5.35298 -0.488532 -0 0 5.38545e-05 
0.232731 5.27442 -0.532392 -0 0 5.38545e-05 
0.265708 5.19657 -0.57503 -0 0 0 
0.297995 5.11918 -0.616278 -0 0 5.38545e-05 
0.329422 5.0421 -0.656555 -0 0 5.38545e-05 
0.359634 4.96546 -0.695409 -0 0 0 
0.38908 4.88937 -0.732807 -0 0 5.38545e-05 
0.417835 4.81389 -0.769083 -0 -3.43323e-05 5.31814e-05 
0.445376 4.73898 -0.803836 -0 0 5.38545e-05 
0.471814 4.66448 -0.837132 -0 0 5.38545e-05 
0.497767 4.59051 -0.868973 -0 0 5.38545e-05 
0.522878 4.51691 -0.899708 -0 0 5.38545e-05 
0.546887 4.44377 -0.929372 -0 0 5.38545e-05 
0.569925 4.37128 -0.957546 -0 0 0 
0.592328 4.29949 -0.984531 -0 0 5.38545e-05 
0.614076 4.22825 -1.01044 -0 0 5.38545e-05 
0.634703 4.15752 -1.03502 -0 0 5.38545e-05 
0.654359 4.08738 -1.05866 -0 0 5.38545e-05 
0.673417 4.01792 -1.08134 -0 0 5.38545e-05 
0.691933 3.94922 -1.10294 -0 0 5.38545e-05 
0.709739 3.88127 -1.12337 -0 -3.43323e-05 -6.73182e-07 
0.726648 3.81411 -1.14274 -0 0 5.38545e-05 
0.74253 3.74751 -1.16087 -0 0 5.38545e-05 
0.757571 3.68141 -1.17785 -0 0 0 
0.772051 3.61602 -1.19378 -0 0 5.38545e-05 
0.78599 3.55133 -1.20842 -0 0 5.38545e-05 
0.799349 3.48703 -1.22213 -0 0 0 
0.811867 3.42323 -1.2349 -0 0 5.38545e-05 
0.823508 3.36022 -1.24668 -0 0 5.38545e-05 
0.834307 3.29798 -1.25753 -0 0 5.38545e-05 
0.844303 3.23645 -1.26746 -0 0 5.38545e-05 
0.853664 3.17532 -1.2765 -0 -3.43323e-05 5.31814e-05 
0.862221 3.11473 -1.28458 -0 0 5.38545e-05 
0.870199 3.05484 -1.2917 -0 0 0 
0.877542 2.9953 -1.29788 -0 -3.43323e-05 -6.73182e-07 
0.884381 2.93618 -1.30328 -0 0 0 
0.890565 2.87793 -1.30767 -0 0 0 
0.896096 2.82051 -1.31118 -0 0 5.38545e-05 
0.900991 2.76355 -1.31375 -0 0 5.38545e-05 
0.905158 2.7074 -1.3157 -0 -3.43323e-05 5.31814e-05 
0.908595 2.65222 -1.31693 -0 0 5.38545e-05 
0.911379 2.5974 -1.31734 -0 0 5.38545e-05 
0.913603 2.54337 -1.31731 -0 0 5.38545e-05 
0.915266 2.48987 -1.31696 -0 -3.43323e-05 5.31814e-05 
0.916499 2.43687 -1.31622 -0 0 5.38545e-05 
0.917153 2.38481 -1.31452 -0 0 0 
0.917284 2.33357 -1.31207 -0 0 5.38545e-05 
0.917284 2.28303 -1.30874 -0 0 5.38545e-05 
0.917284 2.23312 -1.30466 -0 0 5.38545e-05 
0.917284 2.18347 -1.29968 -0 0 5.38545e-05 
0.917228 2.13477 -1.29369 -0 0 5.38545e-05 
0.916592 2.08647 -1.28696 -0 0 5.38545e-05 
0.914929 2.03865 -1.27976 -0 0 5.38545e-05 
0.912015 1.99152 -1.27193 -0 -3.43323e-05 5.31814e-05 
0.908577 1.94485 -1.26346 -0 -3.43323e-05 5.31814e-05 
0.904373 1.89925 -1.2544 -0 0 5.38545e-05 
0.899459 1.85395 -1.24499 -0 0 5.38545e-05 
0.894078 1.80974 -1.23507 -0 0 5.38545e-05 
0.888267 1.76592 -1.22477 -0 0 5.38545e-05 
0.881989 1.72311 -1.21399 -0 0 0 
0.875282 1.68068 -1.20254 -0 0 0 
0.868125 1.63907 -1.1907 -0 0 0 
0.860633 1.59789 -1.17845 -0 0 0 
0.852767 1.55762 -1.16574 -0 -3.43323e-05 5.31814e-05 
0.844583 1.5177 -1.15272 -0 0 0 
0.836101 1.47861 -1.13921 -0 0 0 
0.827394 1.43983 -1.12528 -0 -3.43323e-05 -6.73182e-07 
0.818425 1.40214 -1.11097 -0 -3.43323e-05 -6.73182e-07 
0.809158 1.36462 -1.09644 -0 -3.43323e-05 -6.73182e-07 
0.799685 1.32818 -1.08161 -0 0 0 
0.789913 1.29202 -1.06678 -0 0 0 
0.779861 1.25664 -1.05171 -0 -3.43323e-05 5.31814e-05 
0.769529 1.22184 -1.03659 -0 0 5.38545e-05 
0.758841 1.18751 -1.02116 -0 -3.43323e-05 -6.73182e-07 
0.748135 1.15421 -1.00554 -0 0 0 
0.737261 1.12092 -0.98962 -0 -3.43323e-05 5.31814e-05 
0.726275 1.08856 -0.973499 -0 0 0 
0.715288 1.05672 -0.957278 -0 0 0 
0.704265 1.02527 -0.94104 -0 0 0 
0.693148 0.994812 -0.924668 -0 0 5.38545e-05 
0.681788 0.964507 -0.908095 -0 0 0 
0.670315 0.934938 -0.891472 -0 0 5.38545e-05 
0.658544 0.906305 -0.874848 -0 0 5.38545e-05 
0.646568 0.87787 -0.857924 -0 -3.43323e-05 5.31814e-05 
0.63446 0.850156 -0.841133 -0 0 5.38545e-05 
0.622428 0.823315 -0.824393 -0 0 5.38545e-05 
0.610507 0.796598 -0.807653 -0 0 0 
0.598531 0.770432 -0.790611 -0 0 0 
0.586386 0.745201 -0.77362 -0 0 5.38545e-05 
0.574222 0.720246 -0.756645 -0 0 0 
0.561779 0.695613 -0.739687 -0 0 5.38545e-05 
0.549223 0.671915 -0.722595 -0 0 5.38545e-05 
0.536592 0.648723 -0.70542 -0 0 5.38545e-05 
0.524223 0.625699 -0.688311 -0 0 0 
0.512079 0.603426 -0.671303 -0 0 5.38545e-05 
0.49999 0.581966 -0.654412 -0 0 5.38545e-05 
0.488013 0.56066 -0.63737 -0 0 0 
0.47585 0.539736 -0.620346 -0 0 0 
0.463687 0.519456 -0.603187 -0 0 5.38545e-05 
0.451392 0.50002 -0.586296 -0 0 0 
0.439154 0.480966 -0.569589 -0 0 5.38545e-05 
0.42714 0.461913 -0.552949 -0 0 5.38545e-05 
0.415369 0.443534 -0.536426 -0 0 5.38545e-05 
0.403673 0.42589 -0.520255 -0 -3.43323e-05 -6.73182e-07 
0.392089 0.408906 -0.504252 -0 0 0 
0.380635 0.392029 -0.488599 -0 0 0 
0.369238 0.375413 -0.472897 -0 0 0 
0.357728 0.359471 -0.457479 -0 0 0 
0.346237 0.344281 -0.442363 -0 0 0 
0.33484 0.329535 -0.427363 -0 0 0 
0.323667 0.315034 -0.412699 -0 0 0 
0.312699 0.300702 -0.398269 -0 -3.43323e-05 -6.73182e-07 
0.302087 0.286829 -0.38409 -0 0 5.38545e-05 
0.291493 0.273723 -0.370028 -0 0 0 
0.280992 0.261154 -0.356267 -0 0 0 
0.270548 0.249013 -0.342523 -0 0 5.38545e-05 
0.260159 0.237088 -0.329215 -0 0 0 
0.249883 0.225377 -0.316157 -0 0 0 
0.2397 0.213865 -0.303452 -0 0 5.38545e-05 
0.229723 0.202997 -0.29108 -0 0 0 
0.220026 0.192589 -0.278944 -0 0 0 
0.210646 0.182671 -0.266924 -0 0 0 
0.201565 0.173137 -0.255089 -0 0 0 
0.192747 0.164016 -0.243638 -0 0 5.38545e-05 
0.184077 0.154896 -0.232489 -0 0 0 
0.175557 0.145944 -0.221591 -0 0 0 
0.167168 0.137283 -0.211095 -0 0 5.38545e-05 
0.158835 0.129098 -0.200766 -0 0 5.38545e-05 
0.150726 0.121142 -0.190555 -0 0 0 
0.142748 0.113677 -0.180494 -0 0 5.38545e-05 
0.134919 0.106672 -0.170718 -0 0 0 
0.127483 0.0999886 -0.161377 -0 0 0 
0.120345 0.0937192 -0.152303 -0 0 0 
0.113488 0.0875877 -0.143548 -0 0 0 
0.106911 0.0817475 -0.135094 -0 0 5.38545e-05 
0.100559 0.0761219 -0.126808 -0 0 5.38545e-05 
0.0945235 0.0707263 -0.118789 -0 0 5.38545e-05 
0.0886006 0.0655145 -0.110971 -0 0 5.38545e-05 
0.0829206 0.0604561 -0.103438 -0 0 0 
0.0774275 0.0557042 -0.0961228 -0 0 5.38545e-05 
0.0720464 0.0512282 -0.0893095 -0 0 0 
0.0669456 0.0469669 -0.082831 -0 0 0 
0.0618635 0.0430274 -0.0765199 -0 0 0 
0.0570616 0.0393026 -0.0705939 -0 0 5.38545e-05 
0.0523345 0.0357463 -0.0650361 -0 0 5.38545e-05 
0.0478877 0.032512 -0.0597964 -0 0 0 
0.0437585 0.029385 -0.0546738 -0 0 0 
0.0398722 0.0265952 -0.0498861 -0 0 5.38545e-05 
0.0360793 0.023974 -0.0455169 -0 0 0 
0.0325479 0.021552 -0.0413988 -0 0 0 
0.0293342 0.0194673 -0.0374648 -0 0 5.38545e-05 
0.02627 0.0174286 -0.0336313 -0 0 5.38545e-05 
0.0234487 0.0155279 -0.0301995 -0 0 5.38545e-05 
0.0208329 0.0138571 -0.0269017 -0 0 0 
0.0183853 0.0123549 -0.0238884 -0 0 0 
0.0161619 0.0109906 -0.0208919 -0 0 0 
0.0141066 0.00973367 -0.0182469 -0 0 0 
0.0122942 0.00849206 -0.0157359 -0 0 0 
0.0107061 0.00749569 -0.0133922 -0 0 0 
0.00923001 0.00646868 -0.011283 -0 0 0 
0.00786606 0.00553363 -0.00945827 -0 0 5.38545e-05 
0.00667027 0.0047672 -0.00781772 -0 0 5.38545e-05 
0.00562395 0.00397011 -0.00634458 -0 0 5.38545e-05 
0.00461501 0.00329565 -0.00517275 -0 0 0 
0.00373685 0.00272849 -0.00411812 -0 0 0 
0.00304553 0.00217666 -0.00324762 -0 0 5.38545e-05 
0.00250369 0.00174746 -0.00257801 -0 0 0 
0.00196184 0.00136425 -0.00195862 -0 0 0 
0.00147605 0.00110366 -0.00145641 -0 0 0 
0.00115842 0.000843074 -0.00122204 -0 0 0 
0.000784738 0.000613145 -0.000970938 -0 0 0 
0.000504474 0.000505844 -0.000636132 -0 0 0 
0.000373685 0.000398544 -0.000451988 -0 0 0 
0.000261579 0.00033723 -0.000318066 -0 0 0 
0.000186842 0.000321901 -0.000200884 -0 0 5.38545e-05 
7.47369e-05 0.000321901 -8.37015e-05 -0 0 0 
