-0.02201 -0.0258287 -0.00883888 3.56931e-05 -0.000205994 -0.000650294 
-0.02201 -0.0258287 -0.00883888 3.56931e-05 -0.000205994 -0.000596439 
-0.02201 -0.0258287 -0.00883888 3.56931e-05 -0.000205994 -0.000596439 
-0.0182171 -0.0169381 -0.00652872 7.13861e-05 -0.000171661 -0.000649621 
-0.00440948 0.000735774 -0.000970938 3.56931e-05 -0.000171661 -0.000595766 
0.00345658 0.00211535 0.000719833 -0 -0.000205994 -0.000596439 
0.00781001 0.00769497 0.00661242 7.13861e-05 -0.000205994 -0.000596439 
0.0155079 0.0179805 0.0167236 3.56931e-05 -0.000205994 -0.000650294 
0.0281945 0.0322821 0.0316224 3.56931e-05 -0.000205994 -0.000596439 
0.0458698 0.0505998 0.0503716 3.56931e-05 -0.000205994 -0.000596439 
0.0682535 0.0731788 0.0728873 3.56931e-05 -0.000205994 -0.000596439 
0.0948038 0.09982 0.0995546 3.56931e-05 -0.000205994 -0.000596439 
0.12539 0.130017 0.130323 3.56931e-05 -0.000240326 -0.000543258 
0.160086 0.164307 0.164875 3.56931e-05 -0.000205994 -0.000542585 
0.19908 0.202598 0.203344 3.56931e-05 -0.000205994 -0.000542585 
0.241942 0.244691 0.245497 3.56931e-05 -0.000240326 -0.000597112 
0.288597 0.290983 0.291683 -0 -0.000205994 -0.000596439 
0.338951 0.341276 0.342021 3.56931e-05 -0.000205994 -0.000542585 
0.393079 0.395248 0.396528 -0 -0.000205994 -0.000596439 
0.450794 0.453129 0.455755 -0 -0.000205994 -0.000596439 
0.512153 0.514674 0.518648 3.56931e-05 -0.000205994 -0.000596439 
0.577324 0.579851 0.584705 3.56931e-05 -0.000205994 -0.000542585 
0.646082 0.648723 0.654144 -0 -0.000205994 -0.000542585 
0.71839 0.721166 0.726563 -0 -0.000205994 -0.000596439 
0.794454 0.796843 0.802062 3.56931e-05 -0.000205994 -0.000596439 
0.873899 0.875739 0.880774 -0 -0.000205994 -0.000542585 
0.956558 0.957809 0.962785 -0 -0.000205994 -0.000542585 
1.04258 1.04328 1.04804 -0 -0.000205994 -0.000596439 
1.13165 1.13214 1.13655 -0 -0.000205994 -0.000542585 
1.22384 1.22431 1.22849 -0 -0.000205994 -0.000542585 
1.31937 1.31981 1.32359 -0 -0.000205994 -0.000542585 
1.41838 1.41873 1.42187 3.56931e-05 -0.000205994 -0.000596439 
1.52075 1.52114 1.52385 -0 -0.000205994 -0.000542585 
1.62641 1.62721 1.62989 3.56931e-05 -0.000205994 -0.000542585 
1.7352 1.73649 1.73965 3.56931e-05 -0.000205994 -0.000596439 
1.84737 1.84917 1.85295 -0 -0.000205994 -0.000542585 
1.9627 1.96519 1.96903 3.56931e-05 -0.000205994 -0.000542585 
2.08178 2.08437 2.08807 3.56931e-05 -0.000205994 -0.000596439 
2.20425 2.20695 2.21066 -0 -0.000205994 -0.000542585 
2.32985 2.33253 2.33638 3.56931e-05 -0.000205994 -0.000596439 
2.45855 2.46098 2.46501 -0 -0.000205994 -0.000542585 
2.59021 2.59239 2.59649 3.56931e-05 -0.000171661 -0.000595766 
2.72523 2.72698 2.7313 -0 -0.000205994 -0.000542585 
2.86353 2.86437 2.86902 3.56931e-05 -0.000205994 -0.000542585 
3.00459 3.00461 3.00879 3.56931e-05 -0.000205994 -0.000542585 
3.14816 3.1479 3.15083 3.56931e-05 -0.000205994 -0.000542585 
3.29455 3.29406 3.29662 3.56931e-05 -0.000205994 -0.000542585 
3.44393 3.44298 3.44567 3.56931e-05 -0.000205994 -0.000542585 
3.59576 3.5949 3.59739 -0 -0.000205994 -0.000542585 
3.75004 3.74973 3.75204 3.56931e-05 -0.000205994 -0.000542585 
3.90738 3.90734 3.9101 3.56931e-05 -0.000205994 -0.000542585 
4.06748 4.06773 4.07102 -0 -0.000205994 -0.000542585 
4.2302 4.2309 4.23401 3.56931e-05 -0.000205994 -0.000542585 
4.39528 4.39669 4.39996 -0 -0.000205994 -0.000542585 
4.56323 4.56499 4.56866 3.56931e-05 -0.000205994 -0.000542585 
4.73402 4.73613 4.7394 3.56931e-05 -0.000205994 -0.000542585 
4.9073 4.90953 4.91288 3.56931e-05 -0.000205994 -0.000542585 
5.08312 5.08541 5.08909 3.56931e-05 -0.000205994 -0.000542585 
5.26195 5.26365 5.26707 3.56931e-05 -0.000205994 -0.000542585 
5.44311 5.44422 5.4472 -0 -0.000205994 -0.000542585 
5.62649 5.62718 5.62988 3.56931e-05 -0.000205994 -0.000542585 
5.81238 5.8127 5.81453 -0 -0.000205994 -0.000542585 
6.00068 6.00023 6.0016 -0 -0.000205994 -0.000542585 
6.19078 6.19008 6.19177 -0 -0.000205994 -0.000542585 
6.38308 6.38209 6.38377 -0 -0.000205994 -0.000542585 
6.57769 6.57604 6.57792 3.56931e-05 -0.000171661 -0.000541911 
6.77402 6.7724 6.77427 3.56931e-05 -0.000205994 -0.000542585 
6.97213 6.97071 6.97195 -0 -0.000205994 -0.000542585 
7.17241 7.1711 7.17227 3.56931e-05 -0.000205994 -0.000542585 
7.37446 7.37346 7.37519 3.56931e-05 -0.000171661 -0.000541911 
7.57823 7.57772 7.57968 3.56931e-05 -0.000171661 -0.000541911 
7.78404 7.7841 7.78649 3.56931e-05 -0.000171661 -0.000541911 
7.9913 7.99219 7.99455 3.56931e-05 -0.000171661 -0.000541911 
8.20017 8.20192 8.20391 -0 -0.000171661 -0.000541911 
8.41097 8.41327 8.41554 3.56931e-05 -0.000171661 -0.000541911 
8.62348 8.626 8.62872 3.56931e-05 -0.000171661 -0.000541911 
8.83785 8.8404 8.84387 3.56931e-05 -0.000171661 -0.000541911 
9.05399 9.05606 9.06002 3.56931e-05 -0.000137329 -0.000541238 
9.2713 9.2732 9.27657 3.56931e-05 -0.000171661 -0.000541911 
9.49004 9.49167 9.4948 -0 -0.000171661 -0.000541911 
9.71044 9.71162 9.71358 3.56931e-05 -0.000171661 -0.000541911 
9.93196 9.93276 9.93422 -0 -0.000171661 -0.000541911 
10.1551 10.155 10.1563 -0 -0.000171661 -0.000541911 
10.3794 10.3787 10.3796 3.56931e-05 -0.000171661 -0.000541911 
10.6046 10.6032 10.6044 -0 -0.000171661 -0.000541911 
10.8308 10.8291 10.83 3.56931e-05 -0.000171661 -0.000541911 
11.0577 11.0562 11.0574 3.56931e-05 -0.000171661 -0.000541911 
11.2855 11.2845 11.2859 3.56931e-05 -0.000171661 -0.000541911 
11.5144 11.5136 11.5155 -0 -0.000171661 -0.000541911 
11.7439 11.7438 11.7462 3.56931e-05 -0.000137329 -0.000541238 
11.9744 11.9747 11.9769 -0 -0.000137329 -0.000541238 
12.2055 12.2065 12.2089 3.56931e-05 -0.000137329 -0.000541238 
12.437 12.439 12.4408 3.56931e-05 -0.000137329 -0.000541238 
12.6693 12.6718 12.6736 -0 -0.000171661 -0.000541911 
12.9024 12.9052 12.9074 3.56931e-05 -0.000137329 -0.000541238 
13.1362 13.139 13.1419 3.56931e-05 -0.000137329 -0.000541238 
13.3708 13.3733 13.3771 -0 -0.000137329 -0.000541238 
13.6055 13.6079 13.6119 3.56931e-05 -0.000137329 -0.000541238 
13.8407 13.8431 13.8467 3.56931e-05 -0.000137329 -0.000487384 
14.0758 14.0783 14.081 -0 -0.000137329 -0.000541238 
14.3111 14.3138 14.3154 3.56931e-05 -0.000137329 -0.000541238 
14.547 14.5491 14.5503 -0 -0.000137329 -0.000541238 
14.7831 14.7847 14.7853 3.56931e-05 -0.000171661 -0.000541911 
15.0193 15.0201 15.0208 3.56931e-05 -0.000137329 -0.000541238 
15.2554 15.2556 15.256 -0 -0.000171661 -0.000541911 
15.491 15.491 15.492 3.56931e-05 -0.000137329 -0.000541238 
15.7264 15.7264 15.7272 -0 -0.000137329 -0.000541238 
15.9615 15.9618 15.9623 3.56931e-05 -0.000137329 -0.000541238 
16.1966 16.197 16.1975 3.56931e-05 -0.000137329 -0.000487384 
16.4316 16.4319 16.4321 3.56931e-05 -0.000137329 -0.000541238 
16.6661 16.6663 16.6671 3.56931e-05 -0.000137329 -0.000541238 
16.9001 16.9007 16.9012 3.56931e-05 -0.000137329 -0.000541238 
17.1336 17.1345 17.1355 3.56931e-05 -0.000137329 -0.000541238 
17.3664 17.3678 17.3688 3.56931e-05 -0.000137329 -0.000541238 
17.5988 17.6004 17.602 3.56931e-05 -0.000102997 -0.000540565 
17.8307 17.8327 17.835 3.56931e-05 -0.000137329 -0.000541238 
18.062 18.0643 18.0665 3.56931e-05 -0.000102997 -0.000540565 
18.2928 18.2954 18.2977 3.56931e-05 -0.000137329 -0.000541238 
18.5225 18.5256 18.5273 3.56931e-05 -0.000102997 -0.00048671 
18.7515 18.7548 18.7563 3.56931e-05 -0.000137329 -0.000541238 
18.9794 18.9831 18.9843 3.56931e-05 -0.000102997 -0.000540565 
19.2061 19.2102 19.2114 3.56931e-05 -0.000102997 -0.000540565 
19.4321 19.4358 19.4378 3.56931e-05 -0.000102997 -0.000540565 
19.6569 19.6603 19.6621 3.56931e-05 -0.000102997 -0.000540565 
19.8807 19.8839 19.8855 3.56931e-05 -0.000102997 -0.000540565 
20.1033 20.1062 20.1073 3.56931e-05 -0.000102997 -0.000540565 
20.3244 20.3273 20.3278 3.56931e-05 -0.000102997 -0.000540565 
20.5442 20.5466 20.5471 3.56931e-05 -0.000102997 -0.00048671 
20.7626 20.7643 20.7645 3.56931e-05 -0.000102997 -0.00048671 
20.9794 20.9812 20.9812 3.56931e-05 -0.000102997 -0.000540565 
21.1951 21.1965 21.1965 3.56931e-05 -0.000102997 -0.000540565 
21.4093 21.4103 21.4104 3.56931e-05 -6.86646e-05 -0.000539892 
21.6216 21.6226 21.623 3.56931e-05 -0.000137329 -0.000487384 
21.8323 21.8337 21.8336 3.56931e-05 -0.000102997 -0.000540565 
22.0413 22.0434 22.043 3.56931e-05 -0.000102997 -0.000540565 
22.2486 22.2511 22.2508 3.56931e-05 -6.86646e-05 -0.000539892 
22.4543 22.4571 22.4564 3.56931e-05 -0.000102997 -0.000540565 
22.6582 22.6609 22.6607 3.56931e-05 -6.86646e-05 -0.000539892 
22.8601 22.863 22.8627 3.56931e-05 -0.000102997 -0.00048671 
23.0603 23.0632 23.0627 3.56931e-05 -6.86646e-05 -0.000486037 
23.2583 23.2613 23.261 3.56931e-05 -0.000102997 -0.000540565 
23.4541 23.4572 23.4568 3.56931e-05 -6.86646e-05 -0.000486037 
23.6481 23.6509 23.6513 3.56931e-05 -6.86646e-05 -0.000486037 
23.8399 23.8427 23.8436 3.56931e-05 -6.86646e-05 -0.000539892 
24.0293 24.0321 24.0329 3.56931e-05 -6.86646e-05 -0.000486037 
24.2166 24.2193 24.2204 3.56931e-05 -6.86646e-05 -0.000486037 
24.4017 24.4042 24.4052 7.13861e-05 -6.86646e-05 -0.000539892 
24.5842 24.5864 24.5871 3.56931e-05 -6.86646e-05 -0.000486037 
24.7645 24.7663 24.7668 7.13861e-05 -6.86646e-05 -0.000486037 
24.9428 24.9439 24.944 7.13861e-05 -6.86646e-05 -0.000486037 
25.1184 25.1188 25.1182 7.13861e-05 -6.86646e-05 -0.000486037 
25.2912 25.2912 25.2907 7.13861e-05 -6.86646e-05 -0.000486037 
25.4618 25.4613 25.4609 7.13861e-05 -6.86646e-05 -0.000486037 
25.6299 25.6289 25.6282 7.13861e-05 -6.86646e-05 -0.000486037 
25.7949 25.7942 25.7933 3.56931e-05 -6.86646e-05 -0.000486037 
25.9574 25.957 25.9563 7.13861e-05 -6.86646e-05 -0.000486037 
26.1175 26.1171 26.1162 7.13861e-05 -6.86646e-05 -0.000486037 
26.2748 26.2746 26.2735 7.13861e-05 -6.86646e-05 -0.000486037 
26.429 26.4293 26.429 7.13861e-05 -6.86646e-05 -0.000486037 
26.5804 26.5811 26.5813 7.13861e-05 -6.86646e-05 -0.000486037 
26.7292 26.7301 26.7302 7.13861e-05 -6.86646e-05 -0.000486037 
26.8749 26.8762 26.8767 7.13861e-05 -6.86646e-05 -0.000539892 
27.0175 27.0192 27.0209 7.13861e-05 -6.86646e-05 -0.000539892 
27.1574 27.1591 27.1616 7.13861e-05 -6.86646e-05 -0.000539892 
27.2944 27.2962 27.2981 7.13861e-05 -6.86646e-05 -0.000539892 
27.4284 27.4303 27.4314 7.13861e-05 -6.86646e-05 -0.000486037 
27.5591 27.561 27.5621 7.13861e-05 -6.86646e-05 -0.000486037 
27.6868 27.6887 27.6897 7.13861e-05 -6.86646e-05 -0.000539892 
27.8114 27.8133 27.8135 7.13861e-05 -6.86646e-05 -0.000486037 
27.9331 27.9346 27.9342 7.13861e-05 -6.86646e-05 -0.000486037 
28.0515 28.0524 28.0519 7.13861e-05 -6.86646e-05 -0.000486037 
28.1664 28.1671 28.1663 7.13861e-05 -6.86646e-05 -0.000486037 
28.2779 28.2786 28.277 7.13861e-05 -6.86646e-05 -0.000486037 
28.3865 28.3868 28.3844 7.13861e-05 -6.86646e-05 -0.000486037 
28.492 28.4916 28.4891 7.13861e-05 -6.86646e-05 -0.000486037 
28.5941 28.5931 28.5909 7.13861e-05 -6.86646e-05 -0.000486037 
28.6927 28.6912 28.6897 7.13861e-05 -6.86646e-05 -0.000486037 
28.7876 28.7863 28.7847 7.13861e-05 -6.86646e-05 -0.000486037 
28.879 28.878 28.8763 7.13861e-05 -6.86646e-05 -0.000486037 
28.9671 28.9663 28.9647 7.13861e-05 -6.86646e-05 -0.000486037 
29.0518 29.0513 29.0501 7.13861e-05 -6.86646e-05 -0.000486037 
29.1332 29.1329 29.1324 7.13861e-05 -6.86646e-05 -0.000486037 
29.2111 29.211 29.2115 7.13861e-05 -6.86646e-05 -0.000486037 
29.2855 29.2856 29.2867 7.13861e-05 -6.86646e-05 -0.000486037 
29.3562 29.3568 29.3578 7.13861e-05 -6.86646e-05 -0.000486037 
29.4233 29.4243 29.4248 7.13861e-05 -6.86646e-05 -0.000486037 
29.4869 29.4882 29.4884 7.13861e-05 -6.86646e-05 -0.000486037 
29.547 29.5483 29.5481 7.13861e-05 -6.86646e-05 -0.000486037 
29.6038 29.6049 29.6042 7.13861e-05 -6.86646e-05 -0.000486037 
29.657 29.6578 29.6571 7.13861e-05 -6.86646e-05 -0.000486037 
29.7066 29.7069 29.7063 7.13861e-05 -6.86646e-05 -0.000486037 
29.7531 29.7526 29.7516 7.13861e-05 -6.86646e-05 -0.000486037 
29.7959 29.7943 29.7929 7.13861e-05 -6.86646e-05 -0.000486037 
29.8352 29.8327 29.8304 7.13861e-05 -6.86646e-05 -0.000432183 
29.8704 29.8671 29.8643 7.13861e-05 -6.86646e-05 -0.000432183 
29.9016 29.8982 29.8946 7.13861e-05 -6.86646e-05 -0.000432183 
29.9289 29.9256 29.9218 7.13861e-05 -6.86646e-05 -0.000486037 
29.9519 29.949 29.9457 7.13861e-05 -6.86646e-05 -0.000432183 
29.9712 29.9692 29.9663 7.13861e-05 -6.86646e-05 -0.000432183 
29.9871 29.9858 29.983 7.13861e-05 -6.86646e-05 -0.000432183 
29.9995 29.9986 29.9965 7.13861e-05 -6.86646e-05 -0.000432183 
30.0083 30.0077 30.0059 7.13861e-05 -6.86646e-05 -0.000432183 
30.0133 30.013 30.0115 7.13861e-05 -6.86646e-05 -0.000432183 
30.0147 30.0146 30.0134 7.13861e-05 -6.86646e-05 -0.000432183 
30.0142 30.0135 30.0123 7.13861e-05 -6.86646e-05 -0.000486037 
30.0112 30.0088 30.0079 7.13861e-05 -3.43323e-05 -0.000485364 
30.004 30.0003 29.9993 0.000107079 -6.86646e-05 -0.000486037 
29.9926 29.9878 29.987 0.000107079 -6.86646e-05 -0.000486037 
29.9773 29.9715 29.9706 0.000107079 -6.86646e-05 -0.000486037 
29.9578 29.9513 29.95 0.000107079 -6.86646e-05 -0.000486037 
29.934 29.9271 29.9257 0.000107079 -6.86646e-05 -0.000486037 
29.9062 29.8993 29.8977 0.000107079 -6.86646e-05 -0.000486037 
29.8748 29.8678 29.8662 0.000107079 -6.86646e-05 -0.000486037 
29.8397 29.8324 29.8311 0.000107079 -6.86646e-05 -0.000486037 
29.8005 29.7936 29.7923 0.000107079 -6.86646e-05 -0.000432183 
29.758 29.7508 29.7498 0.000107079 -6.86646e-05 -0.000432183 
29.7114 29.7046 29.7039 0.000107079 -6.86646e-05 -0.000432183 
29.6613 29.6545 29.6542 0.000107079 -6.86646e-05 -0.000486037 
29.6073 29.6007 29.6007 0.000107079 -6.86646e-05 -0.000486037 
29.5497 29.5435 29.5431 7.13861e-05 -6.86646e-05 -0.000432183 
29.4884 29.4825 29.4817 7.13861e-05 -6.86646e-05 -0.000432183 
29.4234 29.418 29.4166 7.13861e-05 -6.86646e-05 -0.000432183 
29.3547 29.3502 29.3479 7.13861e-05 -6.86646e-05 -0.000432183 
29.2825 29.2787 29.2759 7.13861e-05 -6.86646e-05 -0.000432183 
29.207 29.2037 29.2008 7.13861e-05 -6.86646e-05 -0.000432183 
29.1281 29.1249 29.1224 7.13861e-05 -6.86646e-05 -0.000432183 
29.0458 29.0426 29.04 7.13861e-05 -6.86646e-05 -0.000432183 
28.96 28.957 28.9539 7.13861e-05 -6.86646e-05 -0.000432183 
28.8707 28.8679 28.8644 7.13861e-05 -6.86646e-05 -0.000432183 
28.7778 28.7754 28.7715 7.13861e-05 -6.86646e-05 -0.000432183 
28.6817 28.6795 28.6758 7.13861e-05 -6.86646e-05 -0.000432183 
28.5823 28.5801 28.5769 0.000107079 -6.86646e-05 -0.000432183 
28.4797 28.4774 28.4744 7.13861e-05 -6.86646e-05 -0.000432183 
28.3738 28.3716 28.3683 7.13861e-05 -6.86646e-05 -0.000432183 
28.2646 28.2625 28.2588 7.13861e-05 -6.86646e-05 -0.000432183 
28.1521 28.1498 28.1466 7.13861e-05 -6.86646e-05 -0.000432183 
28.0362 28.0341 28.0314 7.13861e-05 -6.86646e-05 -0.000432183 
27.9173 27.9152 27.9124 7.13861e-05 -6.86646e-05 -0.000432183 
27.7953 27.7931 27.7899 7.13861e-05 -6.86646e-05 -0.000432183 
27.67 27.668 27.6642 7.13861e-05 -6.86646e-05 -0.000432183 
27.5416 27.5394 27.536 7.13861e-05 -6.86646e-05 -0.000432183 
27.4099 27.408 27.4046 7.13861e-05 -6.86646e-05 -0.000432183 
27.2754 27.2735 27.2698 7.13861e-05 -6.86646e-05 -0.000378328 
27.1378 27.136 27.1321 7.13861e-05 -6.86646e-05 -0.000378328 
26.9974 26.9954 26.9918 7.13861e-05 -6.86646e-05 -0.000432183 
26.8537 26.8521 26.8485 0.000107079 -6.86646e-05 -0.000378328 
26.7074 26.7058 26.7019 7.13861e-05 -6.86646e-05 -0.000378328 
26.5583 26.5565 26.5524 7.13861e-05 -6.86646e-05 -0.000378328 
26.4064 26.4045 26.4008 7.13861e-05 -6.86646e-05 -0.000378328 
26.2515 26.2497 26.2461 7.13861e-05 -6.86646e-05 -0.000432183 
26.0938 26.092 26.0884 7.13861e-05 -6.86646e-05 -0.000378328 
25.9335 25.9315 25.9283 7.13861e-05 -6.86646e-05 -0.000378328 
25.7705 25.7685 25.7657 7.13861e-05 -6.86646e-05 -0.000378328 
25.6045 25.6027 25.5998 7.13861e-05 -6.86646e-05 -0.000378328 
25.4362 25.4343 25.4314 7.13861e-05 -6.86646e-05 -0.000378328 
25.2654 25.2634 25.2608 7.13861e-05 -6.86646e-05 -0.000432183 
25.092 25.0899 25.0873 7.13861e-05 -6.86646e-05 -0.000378328 
24.916 24.9139 24.9109 7.13861e-05 -6.86646e-05 -0.000378328 
24.7379 24.7356 24.7329 7.13861e-05 -6.86646e-05 -0.000378328 
24.5572 24.5547 24.552 7.13861e-05 -6.86646e-05 -0.000378328 
24.374 24.3715 24.3684 7.13861e-05 -6.86646e-05 -0.000378328 
24.1886 24.1861 24.183 7.13861e-05 -6.86646e-05 -0.000378328 
24.0012 23.9983 23.9952 7.13861e-05 -6.86646e-05 -0.000378328 
23.8112 23.8084 23.8049 7.13861e-05 -6.86646e-05 -0.000378328 
23.6189 23.6162 23.6129 7.13861e-05 -6.86646e-05 -0.000378328 
23.4248 23.4217 23.4186 7.13861e-05 -6.86646e-05 -0.000378328 
23.2286 23.2253 23.2218 7.13861e-05 -6.86646e-05 -0.000378328 
23.0302 23.0269 23.0235 7.13861e-05 -6.86646e-05 -0.000378328 
22.83 22.8267 22.8229 7.13861e-05 -6.86646e-05 -0.000378328 
22.6277 22.6246 22.6207 7.13861e-05 -6.86646e-05 -0.000378328 
22.4236 22.4205 22.4174 7.13861e-05 -6.86646e-05 -0.000378328 
22.2177 22.2148 22.2118 7.13861e-05 -6.86646e-05 -0.000378328 
22.0099 22.0071 22.005 7.13861e-05 -6.86646e-05 -0.000378328 
21.8003 21.7979 21.7962 7.13861e-05 -6.86646e-05 -0.000378328 
21.5892 21.5871 21.5853 7.13861e-05 -6.86646e-05 -0.000432183 
21.3763 21.3745 21.3732 7.13861e-05 -6.86646e-05 -0.000378328 
21.1619 21.1604 21.159 7.13861e-05 -6.86646e-05 -0.000378328 
20.9464 20.9446 20.9434 7.13861e-05 -6.86646e-05 -0.000378328 
20.7292 20.7275 20.7263 7.13861e-05 -6.86646e-05 -0.000378328 
20.5104 20.5085 20.5073 7.13861e-05 -6.86646e-05 -0.000378328 
20.2904 20.2884 20.2875 7.13861e-05 -6.86646e-05 -0.000378328 
20.0688 20.067 20.0653 7.13861e-05 -6.86646e-05 -0.000378328 
19.8462 19.8442 19.8417 7.13861e-05 -6.86646e-05 -0.000378328 
19.6226 19.6202 19.6174 7.13861e-05 -6.86646e-05 -0.000378328 
19.3977 19.395 19.3921 7.13861e-05 -6.86646e-05 -0.000378328 
19.172 19.1689 19.1665 7.13861e-05 -6.86646e-05 -0.000378328 
18.945 18.9416 18.9391 7.13861e-05 -6.86646e-05 -0.000378328 
18.7168 18.7136 18.7108 3.56931e-05 -6.86646e-05 -0.000378328 
18.4877 18.4845 18.4814 7.13861e-05 -6.86646e-05 -0.000324474 
18.2577 18.2546 18.2508 7.13861e-05 -6.86646e-05 -0.000324474 
18.0272 18.024 18.0204 7.13861e-05 -6.86646e-05 -0.000378328 
17.7959 17.7926 17.7895 7.13861e-05 -6.86646e-05 -0.000324474 
17.5639 17.5605 17.5586 7.13861e-05 -6.86646e-05 -0.000324474 
17.3313 17.3278 17.3268 7.13861e-05 -6.86646e-05 -0.000378328 
17.0977 17.0948 17.0941 7.13861e-05 -6.86646e-05 -0.000378328 
16.8637 16.8613 16.8609 7.13861e-05 -6.86646e-05 -0.000324474 
16.6293 16.6273 16.6266 7.13861e-05 -6.86646e-05 -0.000324474 
16.3946 16.3928 16.3923 7.13861e-05 -6.86646e-05 -0.000324474 
16.1597 16.1581 16.1568 7.13861e-05 -6.86646e-05 -0.000324474 
15.9247 15.9228 15.9214 7.13861e-05 -6.86646e-05 -0.000324474 
15.6892 15.6875 15.6859 7.13861e-05 -6.86646e-05 -0.000378328 
15.4536 15.4517 15.4501 7.13861e-05 -6.86646e-05 -0.000324474 
15.2179 15.2157 15.2141 7.13861e-05 -6.86646e-05 -0.000378328 
14.9821 14.9796 14.9773 3.56931e-05 -6.86646e-05 -0.000324474 
14.7464 14.7435 14.741 7.13861e-05 -6.86646e-05 -0.000324474 
14.5107 14.5073 14.5045 3.56931e-05 -6.86646e-05 -0.000324474 
14.2753 14.2714 14.2689 3.56931e-05 -6.86646e-05 -0.000324474 
14.04 14.0358 14.0331 3.56931e-05 -6.86646e-05 -0.000324474 
13.8048 13.8003 13.7977 3.56931e-05 -6.86646e-05 -0.000324474 
13.5698 13.5652 13.5627 3.56931e-05 -6.86646e-05 -0.000324474 
13.3349 13.3306 13.3283 3.56931e-05 -6.86646e-05 -0.000324474 
13.1005 13.0967 13.095 3.56931e-05 -6.86646e-05 -0.000324474 
12.8666 12.8632 12.8621 3.56931e-05 -6.86646e-05 -0.000324474 
12.6331 12.6304 12.6302 3.56931e-05 -6.86646e-05 -0.000324474 
12.4004 12.398 12.3984 3.56931e-05 -6.86646e-05 -0.000324474 
12.1681 12.1666 12.167 3.56931e-05 -6.86646e-05 -0.000324474 
11.9368 11.9358 11.9363 3.56931e-05 -6.86646e-05 -0.000324474 
11.7063 11.7057 11.7059 3.56931e-05 -6.86646e-05 -0.000324474 
11.4764 11.4764 11.4768 3.56931e-05 -6.86646e-05 -0.000270619 
11.2478 11.2478 11.2483 3.56931e-05 -6.86646e-05 -0.000324474 
11.0201 11.0202 11.0213 3.56931e-05 -6.86646e-05 -0.000324474 
10.7932 10.7935 10.7946 3.56931e-05 -6.86646e-05 -0.000324474 
10.5678 10.5676 10.5684 3.56931e-05 -6.86646e-05 -0.000324474 
10.3433 10.3428 10.3432 3.56931e-05 -6.86646e-05 -0.000324474 
10.1201 10.119 10.1188 3.56931e-05 -6.86646e-05 -0.000324474 
9.89788 9.89619 9.89632 3.56931e-05 -6.86646e-05 -0.000324474 
9.67666 9.67466 9.67444 3.56931e-05 -6.86646e-05 -0.000324474 
9.45682 9.45391 9.45374 3.56931e-05 -6.86646e-05 -0.000270619 
9.23832 9.23447 9.23449 3.56931e-05 -6.86646e-05 -0.000270619 
9.02097 9.01665 9.01618 3.56931e-05 -6.86646e-05 -0.000270619 
8.80526 8.80038 8.8003 3.56931e-05 -6.86646e-05 -0.000270619 
8.59105 8.58584 8.58595 3.56931e-05 -6.86646e-05 -0.000270619 
8.37814 8.3732 8.37348 3.56931e-05 -6.86646e-05 -0.000270619 
8.16688 8.16264 8.16316 3.56931e-05 -6.86646e-05 -0.000270619 
7.9573 7.95404 7.95426 3.56931e-05 -6.86646e-05 -0.000324474 
7.7494 7.74754 7.74775 3.56931e-05 -6.86646e-05 -0.000270619 
7.54342 7.54327 7.54286 3.56931e-05 -6.86646e-05 -0.000270619 
7.33941 7.34062 7.33927 3.56931e-05 -6.86646e-05 -0.000270619 
7.1374 7.13981 7.13823 3.56931e-05 -6.86646e-05 -0.000270619 
6.93774 6.94077 6.93907 3.56931e-05 -6.86646e-05 -0.000270619 
6.74021 6.74343 6.74228 3.56931e-05 -6.86646e-05 -0.000270619 
6.54458 6.54783 6.54777 3.56931e-05 -6.86646e-05 -0.000270619 
6.35127 6.35397 6.35435 3.56931e-05 -6.86646e-05 -0.000270619 
6.15997 6.16218 6.16269 3.56931e-05 -6.86646e-05 -0.000270619 
5.97055 5.97226 5.97269 3.56931e-05 -6.86646e-05 -0.000270619 
5.78344 5.78399 5.7846 3.56931e-05 -6.86646e-05 -0.000270619 
5.59873 5.5979 5.59945 3.56931e-05 -6.86646e-05 -0.000270619 
5.416 5.41405 5.41661 3.56931e-05 -6.86646e-05 -0.000270619 
5.23558 5.23308 5.23516 3.56931e-05 -6.86646e-05 -0.000270619 
5.05749 5.05489 5.05626 3.56931e-05 -6.86646e-05 -0.000270619 
4.88146 4.87904 4.8799 -0 -6.86646e-05 -0.000270619 
4.70774 4.7059 4.70592 3.56931e-05 -6.86646e-05 -0.000270619 
4.53683 4.5354 4.53533 3.56931e-05 -6.86646e-05 -0.000270619 
4.36869 4.36752 4.36808 3.56931e-05 -6.86646e-05 -0.000270619 
4.20306 4.20259 4.20309 -0 -6.86646e-05 -0.000270619 
4.04018 4.04055 4.04074 3.56931e-05 -6.86646e-05 -0.000270619 
3.87999 3.88113 3.88184 -0 -6.86646e-05 -0.000270619 
3.72259 3.72472 3.72539 -0 -6.86646e-05 -0.000270619 
3.56802 3.57108 3.57161 3.56931e-05 -6.86646e-05 -0.000270619 
3.41647 3.42014 3.42107 -0 -6.86646e-05 -0.000270619 
3.26804 3.27196 3.27347 -0 -6.86646e-05 -0.000270619 
3.12324 3.12672 3.12806 -0 -6.86646e-05 -0.000270619 
2.98098 2.98422 2.98503 -0 -6.86646e-05 -0.000270619 
2.84176 2.84426 2.84547 -0 -6.86646e-05 -0.000270619 
2.70557 2.70733 2.7086 -0 -6.86646e-05 -0.000270619 
2.57213 2.57323 2.57432 -0 -6.86646e-05 -0.000270619 
2.44139 2.44197 2.44295 3.56931e-05 -6.86646e-05 -0.000270619 
2.31348 2.31382 2.31498 -0 -6.86646e-05 -0.000270619 
2.18884 2.18887 2.18988 3.56931e-05 -6.86646e-05 -0.000270619 
2.06732 2.06716 2.06756 -0 -6.86646e-05 -0.000270619 
1.94875 1.94848 1.94822 -0 -6.86646e-05 -0.000270619 
1.8333 1.8332 1.83271 3.56931e-05 -6.86646e-05 -0.000270619 
1.72046 1.72143 1.72142 -0 -6.86646e-05 -0.000270619 
1.61054 1.61297 1.61365 -0 -6.86646e-05 -0.000270619 
1.50408 1.50791 1.50905 -0 -6.86646e-05 -0.000270619 
1.40156 1.40622 1.40746 -0 -6.86646e-05 -0.000270619 
1.30291 1.30807 1.30948 -0 -6.86646e-05 -0.000270619 
1.20788 1.21343 1.21515 -0 -6.86646e-05 -0.000270619 
1.11663 1.12212 1.12403 -0 -6.86646e-05 -0.000270619 
1.0292 1.03416 1.03622 -0 -6.86646e-05 -0.000216765 
0.945497 0.949363 0.951619 -0 -6.86646e-05 -0.000216765 
0.865323 0.867952 0.870061 -0 -6.86646e-05 -0.000270619 
0.788624 0.790114 0.7919 -0 -6.86646e-05 -0.000216765 
0.715195 0.715647 0.717456 3.56931e-05 -6.86646e-05 -0.000270619 
0.644998 0.64463 0.646477 -0 -6.86646e-05 -0.000216765 
0.577829 0.577061 0.578712 -0 -6.86646e-05 -0.000216765 
0.51391 0.512926 0.514312 3.56931e-05 -6.86646e-05 -0.000216765 
0.453279 0.452378 0.453729 -0 -6.86646e-05 -0.000216765 
0.395956 0.395693 0.396812 3.56931e-05 -6.86646e-05 -0.000216765 
0.342482 0.342595 0.343729 -0 -6.86646e-05 -0.000216765 
0.292408 0.293374 0.294445 -0 -6.86646e-05 -0.00016291 
0.246221 0.247864 0.248744 -0 -6.86646e-05 -0.00016291 
0.203658 0.205986 0.207061 -0 -0.000102997 -0.000163583 
0.165094 0.16791 0.169278 -0 -6.86646e-05 -0.000216765 
0.130266 0.133359 0.135396 -3.56931e-05 -6.86646e-05 -0.000216765 
0.0988956 0.102227 0.104895 -0 -6.86646e-05 -0.00016291 
0.0713924 0.0750336 0.0780098 -3.56931e-05 -0.000102997 -0.000217438 
0.0477008 0.0511823 0.0544562 -0 -6.86646e-05 -0.000216765 
0.0275406 0.0308259 0.0344013 -3.56931e-05 -6.86646e-05 -0.000216765 
0.0108929 0.0143016 0.0178284 -3.56931e-05 -6.86646e-05 -0.000216765 
-0.00164421 0.00153286 0.00472077 -0 -6.86646e-05 -0.000216765 
