0.000000 0.000000 0.000000 0.000000 0.000000 0.000000 
0.001074 0.000000 0.000000 0.000000 0.000000 0.000000 
0.004297 0.000000 0.000000 0.000000 0.000000 0.000000 
0.009669 0.000000 0.000000 0.000000 0.000000 0.000000 
0.017189 0.000000 0.000000 0.000000 0.000000 0.000000 
0.026857 0.000000 0.000000 0.000000 0.000000 0.000000 
0.038675 0.000000 0.000000 0.000000 0.000000 0.000000 
0.052640 0.000000 0.000000 0.000000 0.000000 0.000000 
0.068755 0.000000 0.000000 0.000000 0.000000 0.000000 
0.087018 0.000000 0.000000 0.000000 0.000000 0.000000 
