0.000000 0.000000 0.000000 0.000000 0.000000 0.000000 
0.000716 0.000000 0.000000 0.000000 0.000000 0.000000 
0.002865 0.000000 0.000000 0.000000 0.000000 0.000000 
0.006446 0.000000 0.000000 0.000000 0.000000 0.000000 
0.011459 0.000000 0.000000 0.000000 0.000000 0.000000 
0.017905 0.000000 0.000000 0.000000 0.000000 0.000000 
0.025783 0.000000 0.000000 0.000000 0.000000 0.000000 
0.035094 0.000000 0.000000 0.000000 0.000000 0.000000 
0.045837 0.000000 0.000000 0.000000 0.000000 0.000000 
0.058012 0.000000 0.000000 0.000000 0.000000 0.000000 
