0.000000 0.000000 0.000000 0.000000 0.000000 0.000000 
0.001432 0.000000 0.000000 0.000000 0.000000 0.000000 
0.005730 0.000000 0.000000 0.000000 0.000000 0.000000 
0.012892 0.000000 0.000000 0.000000 0.000000 0.000000 
0.022918 0.000000 0.000000 0.000000 0.000000 0.000000 
0.035810 0.000000 0.000000 0.000000 0.000000 0.000000 
0.051566 0.000000 0.000000 0.000000 0.000000 0.000000 
0.070187 0.000000 0.000000 0.000000 0.000000 0.000000 
0.091673 0.000000 0.000000 0.000000 0.000000 0.000000 
0.116024 0.000000 0.000000 0.000000 0.000000 0.000000 
