0.000000 0.000000 0.000000 0.000000 0.000000 0.000000 
0.001970 0.000000 0.000000 0.000000 0.000000 0.000000 
0.007878 0.000000 0.000000 0.000000 0.000000 0.000000 
0.017726 0.000000 0.000000 0.000000 0.000000 0.000000 
0.031513 0.000000 0.000000 0.000000 0.000000 0.000000 
0.049239 0.000000 0.000000 0.000000 0.000000 0.000000 
0.070904 0.000000 0.000000 0.000000 0.000000 0.000000 
0.096508 0.000000 0.000000 0.000000 0.000000 0.000000 
0.126051 0.000000 0.000000 0.000000 0.000000 0.000000 
0.159533 0.000000 0.000000 0.000000 0.000000 0.000000 
