-6909 6271.3 49056.9 1077.3 2480 -1397 
-6762 6271.3 49221 1077.3 2480 -1397 
-6762 6271.3 49221 1077.3 2480 -1346 
-6321 6271.3 49713.2 1077.3 2480 -1397 
-5880 6271.3 50369.5 1077.3 2480 -1397 
-5733 6450.48 50533.6 1077.3 2480 -1397 
-5733 6450.48 50533.6 1077.3 2480 -1448 
-5733 6450.48 50697.6 1077.3 2480 -1397 
-5733 6450.48 50861.7 1000.35 2480 -1448 
-5880 6271.3 51189.8 1000.35 2480 -1397 
-6174 6271.3 51682 1077.3 2480 -1397 
-6615 6271.3 52502.4 1000.35 2480 -1397 
-7497 5912.94 53650.9 1000.35 2560 -1447 
-8820 5375.4 54963.4 1000.35 2480 -1448 
-10437 4658.68 56604.1 1000.35 2480 -1448 
-12348 3941.96 58737.1 1000.35 2480 -1448 
-14259 3225.24 60870 1000.35 2480 -1448 
-16023 2687.7 63495.1 923.4 2560 -1447 
-17787 2150.16 66284.3 1000.35 2560 -1447 
-19992 1075.08 69729.8 923.4 2560 -1447 
-22491 -716.72 73339.3 923.4 2560 -1447 
-24402 -3225.24 76128.5 923.4 2560 -1447 
-25872 -5554.58 76784.8 923.4 2480 -1448 
-26019 -7346.38 77112.9 923.4 2480 -1448 
-26313 -7346.38 76948.8 923.4 2480 -1448 
-26607 -7167.2 76620.7 923.4 2480 -1448 
-26901 -6988.02 75800.3 923.4 2560 -1498 
-27636 -6808.84 74651.8 923.4 2560 -1447 
-27636 -6271.3 73995.6 923.4 2560 -1447 
-27783 -6271.3 73667.4 846.45 2560 -1447 
-27783 -5912.94 73503.4 846.45 2560 -1447 
-27783 -5733.76 73339.3 846.45 2480 -1448 
-27783 -5017.04 73339.3 846.45 2480 -1499 
-27636 -4837.86 73175.2 846.45 2560 -1498 
-27342 -4121.14 72847.1 846.45 2480 -1448 
-26754 -3762.78 72518.9 846.45 2560 -1447 
-26460 -2866.88 72190.8 846.45 2560 -1498 
-25872 -2329.34 72026.7 846.45 2560 -1498 
-25284 -1791.8 72026.7 846.45 2560 -1498 
-24990 -1254.26 72026.7 846.45 2560 -1498 
-25284 -895.9 72190.8 769.5 2480 -1499 
-25725 -716.72 72190.8 846.45 2560 -1498 
-26313 -358.36 72026.7 769.5 2560 -1498 
-27048 -358.36 71862.7 769.5 2560 -1498 
-27636 -537.54 71862.7 846.45 2560 -1498 
-27930 -895.9 71698.6 769.5 2560 -1498 
-27783 -1433.44 71534.5 769.5 2560 -1498 
-27489 -1970.98 71698.6 846.45 2560 -1498 
-27048 -2150.16 72026.7 769.5 2480 -1499 
-27048 -2687.7 72354.9 769.5 2480 -1499 
-27930 -3225.24 72683 769.5 2560 -1498 
-29106 -3762.78 72847.1 769.5 2560 -1498 
-29988 -4121.14 73011.1 692.55 2560 -1498 
-30135 -4300.32 73503.4 769.5 2560 -1498 
-29988 -4300.32 74159.6 769.5 2560 -1498 
-29694 -4300.32 74980 692.55 2480 -1499 
-29547 -3941.96 75144.1 692.55 2480 -1499 
-30135 -3583.6 75472.2 692.55 2560 -1549 
-30576 -2866.88 75800.3 692.55 2480 -1499 
-30576 -2150.16 76128.5 615.6 2560 -1498 
-30282 -1612.62 75800.3 615.6 2560 -1498 
-30135 -1075.08 75308.1 615.6 2480 -1499 
-30723 -895.9 75636.3 615.6 2480 -1499 
-31311 -716.72 75472.2 615.6 2560 -1498 
-30870 -895.9 75308.1 538.65 2560 -1549 
-30282 -1254.26 75144.1 615.6 2560 -1549 
-30429 -1791.8 74815.9 615.6 2560 -1549 
-30870 -2508.52 74651.8 538.65 2560 -1549 
-30282 -3225.24 74487.8 538.65 2560 -1498 
-29547 -3941.96 74159.6 615.6 2560 -1498 
-29988 -4121.14 73995.6 615.6 2480 -1550 
-30429 -4479.5 73831.5 615.6 2480 -1550 
-29547 -4300.32 74159.6 615.6 2480 -1550 
-29841 -3941.96 74323.7 538.65 2560 -1549 
-31017 -3404.42 74815.9 615.6 2480 -1550 
-30576 -3046.06 75472.2 538.65 2560 -1549 
-31164 -2866.88 75800.3 538.65 2480 -1499 
-32193 -2687.7 76292.6 538.65 2480 -1499 
-31899 -2687.7 76620.7 538.65 2560 -1549 
-32634 -3046.06 76784.8 538.65 2480 -1550 
-32634 -3404.42 76784.8 461.7 2560 -1549 
-32781 -3762.78 76784.8 461.7 2480 -1550 
-33369 -3762.78 76620.7 461.7 2560 -1498 
-32781 -3583.6 76784.8 461.7 2480 -1550 
-33075 -3225.24 76948.8 461.7 2480 -1550 
-32781 -2687.7 77605.1 461.7 2480 -1550 
-32340 -2150.16 77933.2 538.65 2560 -1549 
-32487 -1791.8 78261.4 461.7 2560 -1549 
-32487 -1791.8 78753.6 461.7 2480 -1550 
-33369 -2150.16 78425.5 461.7 2480 -1550 
-33516 -2866.88 78753.6 461.7 2480 -1550 
-34104 -3583.6 78589.5 461.7 2480 -1550 
-34398 -4121.14 78589.5 461.7 2480 -1550 
-34986 -4479.5 78425.5 461.7 2480 -1550 
-35427 -4658.68 78261.4 461.7 2480 -1550 
-35133 -4479.5 78425.5 461.7 2560 -1549 
-35133 -3762.78 78917.7 384.75 2560 -1549 
-34545 -3046.06 79245.8 384.75 2560 -1600 
-34398 -2329.34 79409.9 384.75 2560 -1600 
-34251 -1791.8 79245.8 384.75 2480 -1601 
-34692 -1612.62 79245.8 384.75 2560 -1600 
-35280 -1612.62 78589.5 384.75 2480 -1601 
-35427 -1970.98 78097.3 384.75 2480 -1550 
-36162 -2329.34 78097.3 384.75 2480 -1550 
-36456 -2508.52 78753.6 384.75 2480 -1550 
-36015 -2508.52 79245.8 384.75 2480 -1550 
-36015 -2687.7 79245.8 384.75 2480 -1550 
-35868 -2329.34 79081.7 384.75 2480 -1550 
-35574 -1970.98 78753.6 384.75 2480 -1601 
-35721 -1433.44 77933.2 384.75 2480 -1550 
-36456 -895.9 77605.1 384.75 2480 -1601 
-37191 -358.36 78097.3 307.8 2480 -1550 
-37632 0 78261.4 307.8 2480 -1550 
-37632 0 78589.5 307.8 2480 -1550 
-37632 0 78917.7 307.8 2560 -1600 
-37338 -179.18 78917.7 307.8 2560 -1549 
-37632 -358.36 79738 307.8 2560 -1549 
-38073 -358.36 80886.5 307.8 2480 -1550 
-38367 -179.18 81542.8 307.8 2480 -1601 
-38661 -179.18 81214.6 307.8 2480 -1601 
-38955 0 80886.5 307.8 2480 -1601 
-38661 0 79902.1 230.85 2560 -1600 
-38367 0 80066.2 307.8 2480 -1601 
-38514 179.18 80558.4 307.8 2480 -1601 
-38661 179.18 80230.2 307.8 2560 -1600 
-38955 358.36 79409.9 307.8 2480 -1652 
-39249 537.54 78425.5 307.8 2480 -1601 
-38808 895.9 77769.2 230.85 2480 -1601 
-38367 1433.44 78261.4 230.85 2480 -1601 
-38367 1791.8 78917.7 230.85 2480 -1601 
-38514 2508.52 79081.7 307.8 2480 -1601 
-38955 2866.88 79409.9 230.85 2480 -1601 
-39102 3404.42 79902.1 230.85 2560 -1600 
-39102 4300.32 80886.5 230.85 2480 -1601 
-39249 4837.86 81542.8 230.85 2480 -1550 
-39396 6092.12 82035 230.85 2480 -1601 
-39984 8600.64 82527.2 230.85 2480 -1550 
-40866 13259.3 83019.4 230.85 2480 -1601 
-41160 19172.3 84003.8 230.85 2480 -1601 
-40572 24010.1 83839.8 230.85 2480 -1601 
-40572 27772.9 82363.1 230.85 2480 -1601 
-40572 30281.4 80886.5 230.85 2480 -1601 
-40131 32431.6 80886.5 230.85 2480 -1601 
-40131 34223.4 81542.8 230.85 2480 -1601 
-39249 35477.6 82035 230.85 2480 -1601 
-38661 36373.5 82363.1 230.85 2560 -1600 
-38808 36911.1 83347.6 153.9 2560 -1651 
-38955 37448.6 84824.2 153.9 2560 -1651 
-38808 37986.2 84824.2 153.9 2560 -1651 
-38514 38702.9 84496.1 153.9 2560 -1651 
-38661 39061.2 84496.1 153.9 2560 -1651 
-38808 39419.6 85644.5 153.9 2480 -1652 
-38955 39957.1 85808.6 153.9 2480 -1652 
-38808 40315.5 85480.5 153.9 2560 -1651 
-38955 40853 85152.3 153.9 2560 -1651 
-39249 40853 85480.5 153.9 2560 -1651 
-39396 40315.5 84167.9 153.9 2560 -1651 
-39837 39061.2 82527.2 153.9 2480 -1652 
-39543 38165.3 81378.7 153.9 2480 -1652 
-39543 37807 81050.6 153.9 2480 -1652 
-39396 37986.2 80886.5 153.9 2480 -1652 
-39396 38523.7 80558.4 153.9 2480 -1652 
-38955 38523.7 81050.6 76.95 2560 -1651 
-38367 37986.2 81214.6 153.9 2480 -1703 
-38661 38165.3 80558.4 153.9 2560 -1702 
-38808 38882.1 80886.5 76.95 2560 -1702 
-38661 40315.5 82691.3 76.95 2560 -1651 
-38220 41032.2 83675.7 -0 2560 -1651 
-38367 41211.4 84003.8 76.95 2480 -1652 
-38367 41569.8 84332 76.95 2560 -1651 
-38367 43003.2 85152.3 76.95 2560 -1702 
-38073 43899.1 84824.2 76.95 2560 -1702 
-38367 43719.9 84167.9 76.95 2560 -1651 
-38514 44078.3 84332 -0 2560 -1702 
-38367 44974.2 83675.7 76.95 2560 -1651 
-37926 44795 82691.3 76.95 2480 -1652 
-38073 44078.3 82527.2 76.95 2560 -1702 
-37779 44615.8 82855.3 76.95 2560 -1702 
-36897 44078.3 81870.9 76.95 2480 -1703 
-37191 43361.6 80722.4 76.95 2560 -1702 
-37044 44078.3 80558.4 76.95 2560 -1702 
-36897 43361.6 79902.1 76.95 2480 -1703 
-36603 42824 79409.9 76.95 2560 -1702 
-36309 43361.6 80394.3 76.95 2480 -1703 
-36309 42465.7 81378.7 -0 2480 -1703 
-36162 43361.6 81378.7 -0 2480 -1703 
-35868 43540.7 81542.8 -0 2480 -1652 
-36162 44078.3 81378.7 -0 2560 -1651 
-36456 45153.4 80394.3 76.95 2560 -1702 
-36015 44795 79738 -0 2480 -1703 
-35721 45870.1 80230.2 76.95 2480 -1652 
-35280 44974.2 80394.3 -0 2560 -1651 
-34986 45511.7 79738 -0 2560 -1702 
-34398 44436.6 79573.9 -0 2560 -1702 
-34104 44436.6 78917.7 -0 2480 -1703 
-34104 43361.6 77933.2 -0 2480 -1703 
-33957 43003.2 78261.4 -0 2480 -1703 
-33516 42644.8 78753.6 -0 2480 -1754 
-33516 42465.7 78753.6 -0 2480 -1703 
-33222 43361.6 79245.8 -0 2480 -1703 
-32634 43182.4 80066.2 -0 2560 -1702 
-32634 44795 79245.8 -0 2560 -1702 
-33222 45153.4 78753.6 -0 2480 -1703 
-33075 45332.5 78917.7 -0 2480 -1703 
-32634 45870.1 78917.7 -0 2480 -1703 
-32487 45153.4 78753.6 -0 2480 -1754 
-32340 44436.6 79245.8 -0 2560 -1702 
-31752 44615.8 78261.4 -0 2480 -1703 
-31605 44078.3 76784.8 -0 2480 -1703 
-31458 43361.6 76948.8 -0 2480 -1754 
-30870 43361.6 77277 -0 2560 -1702 
-30576 43719.9 76784.8 -0 2480 -1703 
-30282 43182.4 76620.7 -0 2480 -1754 
-29988 42465.7 76620.7 -0 2480 -1754 
-29547 41748.9 75144.1 -0 2560 -1753 
-29694 41390.6 73995.6 -0 2560 -1702 
-29694 41569.8 74159.6 -0 2480 -1703 
-29106 41569.8 73667.4 -0 2480 -1703 
-28812 41569.8 73175.2 -0 2480 -1703 
-28518 41211.4 73503.4 -0 2480 -1754 
-28518 40673.9 73503.4 -0 2560 -1753 
-28077 40315.5 73011.1 -0 2480 -1754 
-27489 40673.9 73339.3 -0 2560 -1702 
-27342 41211.4 74323.7 -0 2480 -1754 
-27342 42286.5 73831.5 -0 2480 -1703 
-27048 43003.2 73667.4 -0 2560 -1702 
-27048 43540.7 74980 -0 2560 -1753 
-26901 43182.4 74980 -0 2560 -1753 
-26313 43003.2 74159.6 -0 2480 -1754 
-26019 43003.2 73831.5 -0 2480 -1754 
-26166 43540.7 73831.5 -0 2480 -1754 
-25578 43361.6 73011.1 -0 2560 -1753 
-24843 42824 72518.9 -0 2480 -1754 
-23961 42286.5 72518.9 -0 2480 -1754 
-23667 42107.3 71534.5 -0 2480 -1754 
-23079 41928.1 69729.8 -0 2480 -1805 
-22197 41569.8 69073.5 -0 2480 -1805 
-21903 40315.5 68745.3 -0 2480 -1805 
-21462 39419.6 68253.1 -0 2480 -1805 
-20874 39240.4 67596.8 -0 2480 -1754 
-20286 39419.6 67925 -0 2480 -1754 
-20286 39419.6 67925 -0 2480 -1754 
-20286 39061.2 67104.6 -0 2560 -1753 
-19845 39061.2 66120.2 -0 2560 -1753 
-19992 39598.8 66120.2 -0 2480 -1754 
-20286 39778 65956.1 -0 2560 -1753 
-20433 40494.7 65135.8 -0 2560 -1753 
-20139 40494.7 64479.5 -0 2480 -1754 
-19992 40136.3 64643.6 -0 2480 -1754 
-19698 40315.5 64479.5 -0 2480 -1754 
-19257 40315.5 63823.2 -0 2480 -1805 
-18375 39957.1 62838.8 -76.95 2480 -1754 
-17640 39957.1 63495.1 -76.95 2560 -1753 
-17346 39957.1 63331 -76.95 2480 -1805 
-16905 40315.5 62838.8 -76.95 2480 -1754 
-16170 39419.6 61690.3 -0 2480 -1754 
-15435 38882.1 60705.9 -0 2480 -1754 
-15141 38523.7 60541.8 -76.95 2480 -1754 
-14700 38523.7 60541.8 -76.95 2560 -1804 
-14259 37986.2 60377.8 -76.95 2480 -1805 
-13818 37448.6 59885.5 -76.95 2560 -1804 
-13524 37986.2 59557.4 -76.95 2560 -1804 
-13965 38523.7 59393.3 -76.95 2480 -1805 
-14259 38344.5 59229.3 -76.95 2480 -1805 
-14259 37986.2 58408.9 -76.95 2480 -1754 
-13818 38344.5 57260.4 -76.95 2480 -1805 
-13377 38165.3 56768.2 -76.95 2480 -1805 
-13377 37627.8 56768.2 -76.95 2480 -1805 
-13524 37090.3 56932.3 -76.95 2480 -1805 
-13083 36911.1 56111.9 -76.95 2480 -1805 
-12201 35477.6 54471.2 -76.95 2560 -1804 
-11319 34581.7 52666.5 -76.95 2480 -1805 
-11025 33865 51025.8 -76.95 2480 -1805 
-10878 32969.1 50369.5 -76.95 2480 -1805 
-10878 32252.4 50369.5 -76.95 2560 -1804 
-10584 32073.2 49877.3 -76.95 2560 -1804 
-9849 32073.2 49221 -76.95 2480 -1805 
-8967 31714.9 48400.7 -76.95 2560 -1804 
-8526 31714.9 47252.2 -76.95 2560 -1804 
-8085 32252.4 46267.7 -153.9 2480 -1805 
-7791 32252.4 46267.7 -153.9 2480 -1805 
-7644 32789.9 46595.9 -76.95 2560 -1804 
-7644 33148.3 47088.1 -76.95 2560 -1804 
-7056 32789.9 47908.4 -153.9 2480 -1805 
-6027 32789.9 47580.3 -76.95 2480 -1856 
-5586 32969.1 47580.3 -76.95 2480 -1856 
-5439 32610.8 47252.2 -76.95 2560 -1855 
-5292 32610.8 46595.9 -76.95 2560 -1804 
-5439 33148.3 45447.4 -153.9 2560 -1855 
-5439 32610.8 43806.7 -153.9 2480 -1856 
-4998 32252.4 42330.1 -153.9 2480 -1856 
-4410 32073.2 41017.5 -153.9 2480 -1856 
-3528 31177.3 39704.9 -76.95 2480 -1805 
-2646 30639.8 38720.5 -76.95 2480 -1805 
-1617 29743.9 37572 -76.95 2480 -1754 
-882 28131.3 36751.7 -0 2400 -1755 
-147 27235.4 35767.3 -0 2320 -1756 
294 25622.7 34454.7 -0 2400 -1755 
588 24547.7 33470.3 -0 2480 -1754 
882 24189.3 31993.6 -0 2400 -1755 
1176 23293.4 30517 -76.95 2400 -1755 
1470 22935 29368.5 -76.95 2480 -1754 
1470 22755.9 25759 -76.95 2400 -1755 
1470 22576.7 22641.7 -76.95 2400 -1806 
1764 23293.4 20180.6 -76.95 2400 -1806 
2352 23114.2 17555.5 -76.95 2400 -1806 
3234 23472.6 15586.6 -153.9 2480 -1805 
3969 24010.1 13945.9 -153.9 2480 -1805 
5292 24010.1 13289.7 -153.9 2480 -1856 
10878 25085.2 12797.5 -153.9 2480 -1805 
17493 25443.6 11813 -153.9 2480 -1805 
23226 25801.9 10500.5 -153.9 2560 -1855 
28077 26160.3 8859.78 -230.85 2560 -1906 
32487 26339.5 7547.22 -230.85 2560 -1906 
35280 26697.8 6070.59 -230.85 2560 -1906 
36456 25981.1 4922.1 -230.85 2560 -1906 
37338 24906 3937.68 -230.85 2560 -1906 
39249 24189.3 3609.54 -230.85 2560 -1906 
40572 22935 3281.4 -307.8 2560 -1906 
41160 22576.7 2625.12 -307.8 2560 -1906 
43071 22039.1 1804.77 -230.85 2640 -1905 
44100 21680.8 328.14 -307.8 2560 -1906 
45276 21143.2 -984.42 -230.85 2560 -1906 
45570 20605.7 -2296.98 -230.85 2560 -1906 
46305 20247.3 -3445.47 -230.85 2480 -1907 
46305 18993.1 -3937.68 -230.85 2480 -1907 
46452 18276.4 -4429.89 -153.9 2480 -1856 
46305 17022.1 -5086.17 -153.9 2480 -1856 
46305 16126.2 -6726.87 -230.85 2480 -1856 
46893 15588.7 -8367.57 -153.9 2480 -1856 
47628 14692.8 -9680.13 -153.9 2480 -1856 
48216 14692.8 -10008.3 -153.9 2480 -1856 
48804 14334.4 -10008.3 -153.9 2480 -1856 
49245 14513.6 -10172.3 -153.9 2480 -1856 
48951 13796.9 -10828.6 -153.9 2480 -1856 
49098 13617.7 -11320.8 -153.9 2480 -1856 
49392 13259.3 -10828.6 -153.9 2480 -1856 
49833 13617.7 -9680.13 -153.9 2480 -1856 
50568 14155.2 -9680.13 -153.9 2480 -1856 
50862 14155.2 -10008.3 -230.85 2480 -1856 
51009 14334.4 -10172.3 -230.85 2480 -1907 
51009 13976 -10172.3 -153.9 2480 -1856 
51597 14155.2 -10992.7 -230.85 2480 -1856 
52332 13259.3 -12305.2 -230.85 2480 -1856 
52185 12542.6 -12469.3 -230.85 2480 -1856 
52185 11646.7 -12141.2 -153.9 2480 -1856 
52332 11109.2 -12633.4 -230.85 2480 -1856 
52773 11109.2 -13617.8 -230.85 2480 -1856 
53361 10750.8 -13781.9 -153.9 2480 -1856 
53214 10571.6 -13945.9 -153.9 2480 -1856 
53361 10034.1 -14766.3 -153.9 2480 -1856 
53508 10034.1 -15258.5 -153.9 2480 -1856 
54243 8779.82 -15750.7 -230.85 2400 -1857 
54243 8063.1 -17063.3 -230.85 2480 -1856 
54243 7167.2 -17555.5 -230.85 2480 -1856 
54831 6808.84 -17555.5 -230.85 2480 -1856 
55125 6988.02 -18539.9 -153.9 2480 -1907 
54831 7167.2 -18211.8 -230.85 2480 -1907 
54831 7167.2 -17227.3 -230.85 2400 -1857 
55713 7525.56 -17227.3 -230.85 2400 -1908 
55566 8063.1 -16899.2 -230.85 2400 -1857 
55713 7704.74 -16735.1 -230.85 2400 -1908 
56448 7704.74 -16571.1 -230.85 2480 -1907 
56742 7167.2 -15586.6 -153.9 2480 -1907 
57036 7346.38 -15586.6 -230.85 2480 -1907 
57036 6808.84 -15422.6 -230.85 2480 -1856 
56742 6092.12 -16407 -230.85 2480 -1907 
56742 5196.22 -18211.8 -230.85 2400 -1908 
57183 4479.5 -19032.1 -230.85 2400 -1857 
57330 3046.06 -20344.7 -230.85 2400 -1857 
57477 1612.62 -20836.9 -230.85 2400 -1857 
57771 537.54 -21493.2 -230.85 2400 -1857 
57624 -537.54 -22477.6 -230.85 2400 -1857 
58359 -895.9 -22641.7 -230.85 2400 -1857 
59241 -1254.26 -23462 -230.85 2400 -1908 
59388 -1254.26 -23297.9 -230.85 2400 -1857 
59829 -1433.44 -24774.6 -230.85 2400 -1857 
59682 -1075.08 -24774.6 -230.85 2400 -1908 
59388 -1433.44 -25923.1 -230.85 2400 -1908 
59241 -2329.34 -25430.8 -230.85 2400 -1908 
59241 -2687.7 -25430.8 -230.85 2400 -1857 
59535 -3941.96 -24610.5 -230.85 2400 -1908 
59388 -3762.78 -24774.6 -230.85 2400 -1908 
59829 -3583.6 -23954.2 -230.85 2400 -1908 
59829 -2866.88 -23790.1 -230.85 2400 -1857 
60123 -2687.7 -22805.7 -230.85 2400 -1857 
60417 -2150.16 -22969.8 -153.9 2400 -1857 
60564 -1791.8 -21821.3 -230.85 2400 -1857 
60564 -2150.16 -21165 -230.85 2480 -1856 
60270 -2150.16 -20016.5 -230.85 2400 -1857 
60564 -2508.52 -20508.8 -230.85 2480 -1856 
60270 -2508.52 -20836.9 -307.8 2400 -1908 
60711 -2866.88 -22313.5 -230.85 2400 -1908 
60858 -3404.42 -22805.7 -230.85 2400 -1908 
60711 -4658.68 -23462 -230.85 2400 -1908 
60123 -5554.58 -23462 -230.85 2400 -1908 
59829 -6271.3 -24118.3 -230.85 2400 -1857 
59388 -7525.56 -24938.6 -230.85 2400 -1857 
59976 -8063.1 -25759 -230.85 2400 -1908 
60123 -8959 -27071.5 -230.85 2400 -1857 
61005 -9496.54 -26579.3 -230.85 2400 -1857 
60858 -8959 -26087.1 -230.85 2400 -1857 
60564 -9317.36 -24610.5 -230.85 2400 -1857 
59388 -9138.18 -22477.6 -230.85 2400 -1908 
58653 -8600.64 -20672.8 -230.85 2400 -1908 
57918 -7704.74 -19196.2 -230.85 2400 -1908 
57624 -6450.48 -19852.5 -230.85 2400 -1908 
58212 -6629.66 -20344.7 -230.85 2400 -1908 
58653 -6808.84 -21329.1 -230.85 2400 -1908 
59241 -8063.1 -22313.5 -230.85 2400 -1908 
59094 -10034.1 -21985.4 -230.85 2400 -1908 
59094 -11109.2 -22313.5 -230.85 2400 -1908 
58800 -12901 -23133.9 -230.85 2400 -1908 
58506 -14155.2 -23626.1 -230.85 2400 -1908 
58212 -14692.8 -24938.6 -230.85 2400 -1908 
58065 -15230.3 -25266.8 -230.85 2320 -1909 
58212 -15051.1 -25266.8 -230.85 2400 -1908 
57918 -15051.1 -24610.5 -230.85 2400 -1857 
57771 -15409.5 -23297.9 -230.85 2400 -1908 
57624 -14692.8 -22641.7 -230.85 2400 -1908 
57771 -14155.2 -21985.4 -230.85 2400 -1908 
58212 -14155.2 -21165 -230.85 2400 -1908 
58506 -13080.1 -21165 -230.85 2400 -1908 
57918 -13080.1 -20672.8 -230.85 2400 -1908 
56301 -13617.7 -19852.5 -230.85 2400 -1908 
55125 -13796.9 -19524.3 -230.85 2400 -1908 
54243 -14334.4 -18375.8 -230.85 2400 -1908 
53802 -15230.3 -17883.6 -230.85 2400 -1908 
54243 -15051.1 -18375.8 -230.85 2400 -1908 
55125 -15230.3 -18539.9 -230.85 2400 -1857 
55860 -15947 -18047.7 -230.85 2400 -1908 
55860 -16126.2 -18211.8 -230.85 2320 -1909 
55272 -15767.8 -18047.7 -230.85 2320 -1909 
54390 -16305.4 -17883.6 -230.85 2400 -1908 
53361 -16663.7 -17883.6 -230.85 2400 -1908 
52773 -17022.1 -17555.5 -230.85 2400 -1908 
52773 -18097.2 -17227.3 -230.85 2400 -1908 
53067 -19172.3 -18211.8 -230.85 2400 -1908 
53361 -19889 -18868 -230.85 2400 -1908 
53508 -19889 -18868 -230.85 2400 -1908 
53214 -20247.3 -19360.3 -230.85 2320 -1909 
52773 -20605.7 -18704 -230.85 2320 -1909 
51303 -20426.5 -16735.1 -230.85 2400 -1908 
49392 -20068.2 -15258.5 -307.8 2400 -1908 
48069 -20426.5 -14602.2 -230.85 2400 -1908 
47775 -19709.8 -14110 -230.85 2320 -1909 
47628 -19530.6 -14274.1 -230.85 2320 -1909 
48951 -18455.5 -14602.2 -230.85 2320 -1909 
49686 -18455.5 -13781.9 -230.85 2320 -1909 
49833 -19351.4 -12633.4 -230.85 2320 -1909 
49392 -19889 -11156.8 -230.85 2320 -1909 
47628 -19709.8 -9187.92 -230.85 2320 -1909 
45864 -20068.2 -7711.29 -230.85 2400 -1908 
45276 -20964.1 -6562.8 -230.85 2400 -1908 
45129 -21860 -6562.8 -230.85 2400 -1908 
45717 -22218.3 -7875.36 -230.85 2320 -1909 
46746 -22039.1 -9680.13 -230.85 2400 -1908 
47187 -21860 -11156.8 -230.85 2400 -1908 
47040 -22039.1 -12469.3 -230.85 2400 -1908 
45864 -23114.2 -12961.5 -230.85 2400 -1908 
44100 -24368.5 -12305.2 -230.85 2400 -1908 
41895 -25801.9 -10828.6 -153.9 2400 -1908 
40131 -26697.8 -9351.99 -153.9 2400 -1908 
39837 -26697.8 -8203.5 -230.85 2400 -1908 
40278 -26339.5 -7711.29 -230.85 2320 -1909 
41013 -25443.6 -7547.22 -230.85 2320 -1909 
42042 -25264.4 -6398.73 -230.85 2320 -1909 
41748 -24189.3 -4429.89 -230.85 2320 -1960 
40572 -23472.6 -2789.19 -230.85 2400 -1959 
39102 -23472.6 -1312.56 -153.9 2320 -1909 
37926 -23114.2 164.07 -153.9 2400 -1908 
36897 -24726.8 984.42 -153.9 2320 -1909 
37191 -25264.4 984.42 -153.9 2320 -1909 
37338 -27056.2 -164.07 -153.9 2320 -1909 
38220 -27593.7 -1804.77 -153.9 2320 -1909 
38073 -28668.8 -3609.54 -153.9 2320 -1858 
37632 -29564.7 -5414.31 -76.95 2320 -1909 
36750 -29923.1 -5086.17 -76.95 2320 -1858 
34692 -30460.6 -2789.19 -76.95 2320 -1909 
33222 -31356.5 -492.21 -153.9 2320 -1858 
31752 -31356.5 1968.84 -153.9 2320 -1909 
31017 -30281.4 3445.47 -153.9 2320 -1909 
30870 -29027.2 3445.47 -153.9 2320 -1909 
31605 -27772.9 3445.47 -153.9 2320 -1909 
32046 -27952.1 2953.26 -153.9 2400 -1908 
32340 -32610.8 2789.19 -153.9 2400 -1908 
32193 -37269.4 3609.54 -153.9 2400 -1908 
31017 -41928.1 4922.1 -153.9 2400 -1959 
29106 -46407.6 6726.87 -230.85 2400 -1959 
27636 -50887.1 7383.15 -230.85 2400 -1959 
27048 -54470.7 7547.22 -230.85 2400 -1959 
26901 -56083.3 7875.36 -230.85 2400 -1959 
27489 -56800.1 7383.15 -230.85 2400 -2010 
27783 -57516.8 7219.08 -153.9 2400 -2010 
27783 -56620.9 6726.87 -230.85 2400 -1959 
27342 -56441.7 6890.94 -153.9 2400 -2010 
26460 -55904.2 7219.08 -153.9 2400 -1959 
24549 -56441.7 8367.57 -153.9 2400 -1959 
22932 -56979.2 10336.4 -153.9 2400 -1959 
21903 -58412.7 11484.9 -153.9 2320 -1960 
21021 -59129.4 12633.4 -153.9 2400 -1959 
21168 -60204.5 12633.4 -153.9 2400 -1959 
20874 -61100.4 12797.5 -153.9 2320 -1960 
20874 -60742 11813 -153.9 2320 -1960 
20727 -60204.5 11649 -153.9 2320 -1960 
20433 -60025.3 12141.2 -153.9 2400 -1908 
19992 -60204.5 14274.1 -153.9 2400 -1959 
19698 -61100.4 16735.1 -153.9 2400 -1908 
18669 -61458.7 18539.9 -153.9 2400 -1959 
17640 -61458.7 18868 -76.95 2400 -1959 
16464 -60742 18539.9 -153.9 2320 -1960 
16170 -60562.8 17063.3 -153.9 2320 -1960 
15729 -61279.6 16078.9 -153.9 2320 -1909 
15876 -61996.3 15258.5 -153.9 2320 -1960 
14994 -62533.8 15586.6 -76.95 2320 -1960 
14700 -61996.3 15914.8 -153.9 2400 -1908 
13965 -62713 17555.5 -76.95 2400 -1959 
13524 -62713 18539.9 -76.95 2400 -1959 
12789 -62713 20836.9 -76.95 2400 -1959 
12201 -61637.9 21657.2 -76.95 2400 -1959 
11613 -60204.5 22313.5 -76.95 2320 -1960 
10878 -59666.9 21985.4 -76.95 2320 -1960 
10584 -58950.2 21985.4 -76.95 2400 -1908 
9849 -57875.1 22969.8 -76.95 2400 -1959 
9849 -57875.1 24118.3 -76.95 2400 -1959 
9702 -59129.4 26579.3 -76.95 2400 -1959 
9702 -60025.3 26579.3 -76.95 2400 -1959 
9702 -60383.7 26251.2 -76.95 2400 -1959 
8820 -61458.7 25102.7 -76.95 2400 -1959 
8085 -61996.3 23133.9 -76.95 2400 -1959 
6762 -61996.3 22313.5 -76.95 2400 -1959 
6027 -62175.5 21821.3 -76.95 2400 -1959 
5733 -62533.8 22805.7 -76.95 2320 -1960 
4998 -61817.1 25102.7 -76.95 2400 -1959 
4851 -61458.7 26415.3 -76.95 2400 -1959 
4704 -60562.8 27563.8 -76.95 2400 -2010 
4116 -58950.2 28384.1 -76.95 2400 -1959 
3675 -58412.7 28220 -76.95 2400 -1959 
3234 -57516.8 29204.5 -0 2400 -1959 
2205 -57516.8 30845.2 -76.95 2400 -1959 
1764 -57696 31501.4 -0 2320 -1960 
1470 -57337.6 31829.6 -76.95 2320 -1960 
735 -58412.7 32157.7 -0 2400 -1959 
-0 -58771 31829.6 -76.95 2320 -1960 
-294 -59666.9 30517 -76.95 2400 -1959 
-1029 -60383.7 29532.6 -0 2400 -1959 
-2058 -60383.7 29696.7 -0 2320 -1960 
-2646 -61100.4 29860.7 -0 2320 -2011 
-2646 -60562.8 30188.9 -76.95 2400 -2010 
-2646 -60383.7 31665.5 -0 2320 -1960 
-3087 -59308.6 33470.3 -0 2320 -1960 
-3381 -58233.5 34782.8 -0 2400 -1959 
-3381 -56800.1 35275 -0 2400 -1959 
-3234 -56083.3 35767.3 -0 2400 -1959 
-3822 -55725 36915.8 -0 2400 -1959 
-5145 -55904.2 37736.1 -0 2400 -1959 
-6027 -56620.9 38064.2 -76.95 2400 -1959 
-6321 -57337.6 37079.8 -76.95 2400 -2010 
-6762 -57516.8 35767.3 -0 2400 -2010 
-7056 -57696 35439.1 -0 2400 -1959 
-7497 -57696 35111 -0 2400 -1959 
-8232 -57696 35603.2 -0 2400 -1959 
-9114 -56620.9 36259.5 -0 2400 -1959 
-9261 -55904.2 36915.8 -0 2400 -1959 
-9555 -54470.7 37736.1 -0 2400 -1959 
-9555 -53395.6 39048.7 -0 2400 -1959 
-9996 -51962.2 40853.4 -0 2320 -1960 
-10290 -51245.5 42822.3 -0 2400 -1959 
-11025 -51066.3 44134.8 -0 2320 -1909 
-11907 -50707.9 45283.3 76.95 2320 -1960 
-12936 -51424.7 46103.7 76.95 2320 -1909 
-13671 -51783 46103.7 76.95 2240 -1859 
-14553 -53216.5 45775.5 153.9 2240 -1859 
-15288 -54291.5 45283.3 153.9 2240 -1859 
-15729 -55008.3 44955.2 76.95 2240 -1859 
-16317 -55545.8 44791.1 76.95 2240 -1910 
-17640 -54829.1 44955.2 76.95 2320 -1909 
-18816 -54291.5 45447.4 76.95 2320 -1909 
-19845 -53395.6 46267.7 -0 2320 -1909 
-22638 -51962.2 47252.2 -0 2320 -1960 
-29106 -51066.3 51025.8 -0 2400 -2010 
-35280 -49812 55291.6 -0 2400 -2010 
-40425 -48737 59229.3 -0 2480 -2060 
-44394 -48199.4 62838.8 -76.95 2560 -2059 
-47187 -47841.1 66120.2 -153.9 2560 -2059 
-49980 -47841.1 69073.5 -153.9 2560 -2110 
-52626 -48557.8 71862.7 -76.95 2480 -2060 
-52920 -49095.3 73831.5 -76.95 2480 -2060 
-53508 -49453.7 75144.1 -76.95 2480 -2060 
-53655 -49453.7 75308.1 -0 2480 -2009 
-53508 -49095.3 74487.8 -0 2400 -2010 
-53361 -47482.7 74323.7 -0 2400 -2061 
-54243 -46049.3 74815.9 -0 2400 -2010 
-54831 -44436.6 75964.4 -0 2400 -2010 
-55860 -42824 77933.2 -0 2320 -2011 
-57036 -41390.6 79573.9 -0 2320 -2011 
-57918 -40853 81870.9 -0 2400 -2010 
-58653 -40136.3 83839.8 -0 2400 -1959 
-59094 -39598.8 84496.1 -0 2400 -1959 
-59388 -39419.6 84003.8 -0 2400 -2010 
-59976 -40136.3 83019.4 -0 2400 -1959 
-60711 -41211.4 81542.8 -0 2400 -1959 
-61299 -42465.7 80558.4 -0 2400 -2010 
-61299 -43899.1 80394.3 -0 2400 -1959 
-60417 -45332.5 79738 -0 2400 -2010 
-59682 -46049.3 78589.5 76.95 2400 -2010 
-59976 -45690.9 77441 76.95 2400 -2010 
-60417 -44615.8 76948.8 76.95 2400 -2010 
-61152 -42824 78097.3 76.95 2400 -2010 
-60858 -40673.9 80066.2 -0 2400 -2010 
-61299 -38702.9 81870.9 76.95 2400 -2010 
-61593 -36552.7 83183.5 -0 2400 -2010 
-62181 -35119.3 84496.1 76.95 2400 -2010 
-62034 -33506.7 85972.7 76.95 2400 -1959 
-63063 -32252.4 85808.6 -0 2400 -1959 
-64827 -31177.3 85316.4 76.95 2400 -1959 
-65268 -30460.6 85644.5 76.95 2400 -2010 
-65268 -30281.4 86300.8 76.95 2320 -2011 
-65268 -30281.4 86136.8 76.95 2400 -2010 
-65268 -30102.2 85808.6 76.95 2400 -2010 
-64974 -30281.4 86464.9 76.95 2400 -2010 
-65268 -30460.6 85972.7 76.95 2400 -1959 
-65562 -30819 85152.3 76.95 2400 -2010 
-65709 -30998.1 84660.1 76.95 2400 -2010 
-66150 -31356.5 84496.1 76.95 2400 -2010 
-66003 -30819 83839.8 76.95 2400 -2010 
-65562 -30819 83511.6 76.95 2320 -2011 
-65562 -30998.1 83019.4 76.95 2400 -2010 
-65709 -30819 81378.7 76.95 2400 -2010 
-66150 -30460.6 80230.2 76.95 2320 -1960 
-67032 -29385.5 80394.3 76.95 2400 -1959 
-67767 -28310.4 80558.4 76.95 2400 -2010 
-68943 -27235.4 82855.3 76.95 2400 -2010 
-70266 -25622.7 84332 76.95 2400 -2010 
-70854 -24010.1 84660.1 76.95 2400 -2010 
-71442 -21501.6 85480.5 76.95 2400 -2010 
-71148 -19709.8 85480.5 76.95 2400 -2010 
-70707 -18813.9 86136.8 76.95 2400 -2010 
-70119 -18097.2 87121.2 76.95 2400 -2010 
-69678 -17918 87121.2 76.95 2400 -2010 
-69237 -17380.5 88433.7 76.95 2400 -2010 
-69090 -17380.5 88269.7 153.9 2320 -1960 
-68796 -17559.6 87941.5 153.9 2400 -2010 
-68355 -17738.8 86957.1 76.95 2400 -2010 
-68502 -18276.4 84988.3 153.9 2400 -2010 
-68502 -18455.5 84167.9 153.9 2400 -2010 
-69384 -18634.7 83511.6 153.9 2400 -2010 
-70413 -18634.7 84167.9 153.9 2400 -2010 
-71589 -18813.9 84167.9 153.9 2400 -2010 
-72765 -18276.4 84003.8 153.9 2400 -2010 
-73941 -18097.2 83511.6 153.9 2400 -2010 
-74088 -17201.3 83019.4 76.95 2400 -2010 
-74088 -15767.8 82855.3 153.9 2400 -2010 
-73353 -14155.2 82199.1 153.9 2400 -2010 
-72471 -11825.9 83019.4 153.9 2400 -2010 
-71589 -9317.36 83511.6 153.9 2400 -1959 
-70707 -7167.2 85152.3 153.9 2400 -2010 
-69972 -5554.58 87121.2 153.9 2400 -2010 
-69678 -4837.86 90074.4 153.9 2400 -2010 
-68796 -4479.5 91058.8 153.9 2400 -2010 
-68649 -4658.68 91879.2 153.9 2400 -2010 
-68649 -5017.04 89418.1 153.9 2400 -2010 
-69678 -4837.86 87449.3 153.9 2400 -2010 
-70707 -4837.86 84496.1 153.9 2320 -2011 
-71589 -4658.68 84496.1 153.9 2400 -2010 
-72324 -4658.68 84332 153.9 2400 -2010 
-72765 -4837.86 85480.5 153.9 2320 -2011 
-73206 -4479.5 85480.5 153.9 2400 -2010 
-73059 -4658.68 86136.8 153.9 2400 -2010 
-72765 -4121.14 85480.5 153.9 2400 -2010 
-72324 -3404.42 84824.2 153.9 2400 -2010 
-71736 -2508.52 82855.3 153.9 2400 -2010 
-71148 -1433.44 82035 153.9 2400 -2010 
-70266 -537.54 82199.1 153.9 2400 -2010 
-69384 179.18 84167.9 153.9 2400 -2010 
-68355 1612.62 85972.7 153.9 2400 -2010 
-68208 3762.78 87777.4 153.9 2400 -2010 
-68502 6092.12 88761.9 153.9 2400 -2010 
-69384 7704.74 88597.8 153.9 2320 -2011 
-69531 9317.36 89254.1 230.85 2320 -1960 
-69384 9854.9 89254.1 153.9 2320 -2011 
-68943 9496.54 89582.2 230.85 2320 -2011 
-68502 8779.82 87941.5 230.85 2400 -2010 
-67914 7704.74 86464.9 230.85 2400 -2010 
-67914 7346.38 84003.8 230.85 2400 -2010 
-68355 7883.92 81870.9 230.85 2320 -2011 
-68355 8063.1 80722.4 230.85 2320 -2062 
-68355 8421.46 80230.2 230.85 2320 -2011 
-67914 9496.54 81870.9 230.85 2320 -2011 
-66885 10571.6 84332 230.85 2320 -2011 
-65856 11467.5 88597.8 230.85 2320 -1960 
-64827 12721.8 90238.5 230.85 2320 -2011 
-63798 14334.4 90894.8 230.85 2400 -2010 
-62769 15588.7 89090 230.85 2320 -2011 
-61887 16305.4 86957.1 230.85 2400 -2010 
-61593 16663.7 84988.3 230.85 2320 -2011 
-61299 16663.7 83675.7 230.85 2400 -2010 
-60711 15947 83511.6 230.85 2320 -2011 
-61299 15588.7 83019.4 230.85 2400 -2010 
-61593 15767.8 83675.7 230.85 2320 -2011 
-62475 16484.6 83511.6 230.85 2400 -2010 
-62916 17738.8 83511.6 230.85 2320 -2011 
-62769 19351.4 83839.8 230.85 2400 -2010 
-61887 20964.1 84660.1 230.85 2400 -2010 
-60417 22039.1 86793 230.85 2400 -1959 
-58653 22935 88269.7 230.85 2400 -2010 
-57330 23830.9 89910.4 230.85 2320 -2011 
-55566 24547.7 89254.1 230.85 2320 -2011 
-54684 25443.6 88597.8 230.85 2400 -2010 
-53802 25981.1 87285.2 307.8 2400 -2010 
-52626 26339.5 86957.1 307.8 2400 -2010 
-51597 26518.6 87121.2 307.8 2320 -2011 
-50274 26697.8 87121.2 230.85 2320 -2011 
-49392 26877 87121.2 230.85 2320 -2011 
-49098 27772.9 86464.9 307.8 2400 -2010 
-49245 27952.1 85972.7 307.8 2320 -2011 
-49098 28489.6 85316.4 230.85 2320 -2011 
-49098 28489.6 85808.6 230.85 2400 -2010 
-48069 28131.3 85972.7 307.8 2400 -2010 
-47481 28668.8 86957.1 307.8 2320 -2011 
-46452 28848 87449.3 307.8 2400 -2010 
-45864 29564.7 87121.2 230.85 2400 -2010 
-45423 30460.6 86793 307.8 2400 -2010 
-45276 31356.5 86300.8 230.85 2320 -2011 
-44835 32610.8 86464.9 230.85 2320 -2011 
-44100 32969.1 85972.7 230.85 2320 -2011 
-42924 33865 87613.4 307.8 2320 -2011 
-41601 34223.4 88433.7 307.8 2320 -2011 
-39984 34940.1 89418.1 307.8 2320 -2011 
-38955 35656.8 88597.8 307.8 2320 -2011 
-37779 37090.3 88597.8 307.8 2320 -2011 
-36456 37986.2 87613.4 307.8 2320 -2011 
-35133 39240.4 88105.6 307.8 2320 -2011 
-33516 39598.8 88269.7 307.8 2320 -2062 
-32046 40315.5 89746.3 307.8 2320 -2011 
-30576 40136.3 90894.8 307.8 2400 -2010 
-28959 40136.3 91222.9 307.8 2320 -2011 
-28518 39778 90238.5 307.8 2320 -2011 
-28077 40315.5 89254.1 307.8 2400 -2010 
-28371 40315.5 87613.4 307.8 2320 -2011 
-28371 40853 86957.1 307.8 2320 -2011 
-28518 40853 87285.2 307.8 2320 -2011 
-28224 41211.4 88761.9 307.8 2320 -2011 
-27636 41928.1 89910.4 384.75 2400 -2061 
-27195 42107.3 90894.8 307.8 2400 -2010 
-26607 42824 90402.6 307.8 2320 -2011 
-25872 43003.2 89582.2 307.8 2320 -2011 
-24549 43361.6 88433.7 307.8 2400 -2010 
-22932 44078.3 88433.7 307.8 2400 -2010 
-21168 44078.3 88597.8 307.8 2400 -2010 
-19698 44615.8 90074.4 307.8 2320 -2011 
-17787 45332.5 91222.9 307.8 2400 -2010 
-16170 45511.7 93027.7 307.8 2400 -2010 
-13818 46407.6 92863.6 307.8 2400 -2010 
-11907 47303.5 92207.3 384.75 2320 -2011 
-10143 47124.3 90894.8 384.75 2320 -2011 
-8673 47124.3 89910.4 384.75 2320 -2011 
-7791 47482.7 89582.2 384.75 2320 -2011 
-7056 47303.5 88925.9 307.8 2320 -2011 
-6762 47303.5 89582.2 307.8 2320 -2011 
-7497 47841.1 89418.1 307.8 2320 -2011 
-7938 48020.2 90894.8 307.8 2320 -2011 
-8820 48020.2 91058.8 384.75 2320 -2011 
-9555 48737 90730.7 307.8 2320 -2011 
-10143 49812 90074.4 307.8 2320 -2011 
-10143 50528.8 88597.8 307.8 2320 -2062 
-9408 51245.5 88925.9 307.8 2320 -2011 
-7938 51603.8 89254.1 307.8 2400 -2010 
-6909 52320.6 90074.4 307.8 2320 -2011 
-5733 53754 91222.9 307.8 2320 -2011 
-3822 54112.4 91551.1 307.8 2400 -2010 
-2205 54291.5 92535.5 307.8 2320 -2011 
147 54470.7 92371.4 307.8 2320 -2011 
2205 55366.6 91715.1 384.75 2400 -2010 
3528 56441.7 91715.1 384.75 2400 -2010 
4704 57158.4 90730.7 384.75 2320 -2011 
5733 56800.1 91058.8 384.75 2320 -2011 
7644 56441.7 91387 384.75 2320 -2011 
9702 56083.3 90894.8 384.75 2320 -2062 
11613 56083.3 90730.7 384.75 2320 -2011 
13377 56083.3 90238.5 384.75 2320 -2062 
14553 57158.4 88761.9 384.75 2320 -2011 
14406 57337.6 89254.1 461.7 2320 -2011 
13818 58771 89910.4 461.7 2320 -1960 
11907 59308.6 89746.3 461.7 2320 -1960 
10143 60383.7 90566.6 384.75 2240 -1961 
8232 61637.9 91222.9 384.75 2320 -1960 
6321 61637.9 90894.8 384.75 2240 -1961 
4998 60921.2 90566.6 384.75 2320 -1960 
3675 60742 90730.7 384.75 2320 -2011 
2205 60742 89582.2 384.75 2320 -2011 
1764 63071.4 88269.7 384.75 2320 -2011 
1911 68267.6 88269.7 384.75 2400 -2061 
3675 72388.7 88761.9 384.75 2480 -2060 
7350 75614 88269.7 307.8 2480 -2060 
11907 79018.4 87777.4 307.8 2480 -2060 
16317 83139.5 87777.4 307.8 2400 -2061 
20433 86185.6 87613.4 307.8 2400 -2061 
24108 88694.1 87449.3 307.8 2400 -2061 
27342 91919.3 87777.4 307.8 2400 -2061 
29547 93711.1 88761.9 384.75 2400 -2061 
30576 96040.5 89254.1 384.75 2400 -2010 
30576 96757.2 89418.1 384.75 2400 -2010 
29841 97832.3 89746.3 384.75 2400 -2061 
28371 98190.6 90730.7 384.75 2320 -2062 
25872 97294.7 91551.1 384.75 2320 -2011 
22932 97115.6 91058.8 384.75 2320 -2062 
19992 97115.6 89418.1 384.75 2400 -2061 
17346 96757.2 87285.2 384.75 2320 -2062 
15141 95861.3 85808.6 384.75 2320 -2062 
13377 94786.2 84660.1 384.75 2320 -2011 
12201 93890.3 83347.6 384.75 2320 -2062 
12495 93352.8 82363.1 384.75 2320 -2011 
13818 93890.3 82363.1 384.75 2400 -2061 
15582 94607 83019.4 461.7 2320 -2062 
17493 95144.6 84167.9 384.75 2320 -2011 
19257 94607 84496.1 384.75 2400 -2010 
21315 95144.6 84660.1 384.75 2400 -2010 
23961 96578 84332 384.75 2400 -2061 
27195 96936.4 84003.8 384.75 2400 -2010 
30282 97832.3 84167.9 384.75 2400 -2010 
32340 98190.6 85152.3 384.75 2400 -2010 
33369 98907.4 85480.5 384.75 2320 -2011 
33369 98369.8 84824.2 384.75 2320 -2011 
32781 97294.7 83675.7 461.7 2320 -2062 
31605 96936.4 82035 461.7 2320 -2011 
29841 96219.7 79902.1 461.7 2320 -2011 
28224 95144.6 78425.5 461.7 2400 -2010 
26607 94607 77769.2 461.7 2400 -2010 
25137 93711.1 77605.1 461.7 2320 -2011 
23961 92277.7 78097.3 461.7 2320 -2011 
22932 91202.6 77441 461.7 2400 -2010 
21756 90665.1 76948.8 461.7 2320 -2011 
21021 90306.7 76128.5 461.7 2320 -2011 
20874 91202.6 75964.4 384.75 2320 -2011 
21021 92098.5 75800.3 461.7 2320 -2011 
21021 92994.4 76620.7 461.7 2320 -2011 
21903 94607 77112.9 461.7 2320 -2011 
23079 95682.1 76948.8 461.7 2320 -2011 
24990 96757.2 77441 384.75 2400 -2010 
27195 97115.6 77112.9 461.7 2400 -2010 
30870 96398.8 76620.7 461.7 2400 -2061 
37485 96040.5 75964.4 461.7 2400 -2061 
43071 94607 75472.2 461.7 2400 -2061 
46599 94248.7 74815.9 384.75 2400 -2061 
48363 93173.6 74323.7 384.75 2400 -2061 
49098 92636.1 73667.4 461.7 2400 -2061 
49686 91740.2 73175.2 461.7 2400 -2010 
50715 91202.6 72683 384.75 2400 -2010 
50862 90485.9 72354.9 461.7 2320 -2062 
50127 89410.8 72190.8 461.7 2320 -2011 
50421 88335.7 72026.7 461.7 2320 -2011 
50421 87977.4 70550.1 461.7 2320 -2011 
49980 88335.7 66448.3 461.7 2320 -2011 
50421 89052.5 63002.9 461.7 2320 -1960 
49980 90127.5 60049.6 461.7 2400 -2010 
50274 91381.8 57752.6 461.7 2400 -2010 
50274 92098.5 55619.7 461.7 2400 -2010 
50862 92636.1 53322.8 461.7 2320 -2011 
51009 92277.7 51353.9 461.7 2400 -2010 
51891 92098.5 49549.1 461.7 2400 -2061 
53067 91202.6 47580.3 461.7 2320 -2011 
53361 89948.4 45447.4 461.7 2400 -2010 
53802 88694.1 42822.3 461.7 2320 -2062 
53361 86902.3 40525.3 461.7 2400 -2061 
52038 84752.1 38228.3 461.7 2320 -2062 
50421 82781.2 36095.4 461.7 2400 -2010 
48657 81706.1 34126.6 461.7 2400 -2061 
47775 80451.8 32978.1 384.75 2400 -2061 
47187 79735.1 32649.9 384.75 2400 -2061 
46452 80093.5 32978.1 461.7 2400 -2061 
45717 80451.8 32978.1 461.7 2400 -2061 
44541 81347.7 33634.3 461.7 2400 -2061 
43659 82064.4 34782.8 461.7 2400 -2061 
43218 83318.7 37079.8 461.7 2400 -2061 
43659 84573 38556.4 461.7 2400 -2061 
44247 85648 39048.7 461.7 2400 -2061 
44394 86543.9 39048.7 461.7 2400 -2061 
44541 86543.9 38720.5 384.75 2400 -2061 
44247 85827.2 38064.2 461.7 2400 -2061 
44394 85110.5 37736.1 384.75 2400 -2061 
44982 83856.2 37243.9 384.75 2400 -2061 
44835 81706.1 35931.3 461.7 2400 -2061 
43806 79197.6 33798.4 461.7 2400 -2061 
42777 76868.2 31993.6 461.7 2400 -2061 
41895 74359.7 30352.9 461.7 2400 -2061 
41454 73105.4 29204.5 461.7 2400 -2061 
40719 72388.7 29040.4 461.7 2400 -2010 
38955 72388.7 29040.4 461.7 2320 -2062 
37779 72567.9 29368.5 461.7 2400 -2010 
36750 72926.3 30024.8 461.7 2320 -2062 
36309 73105.4 30681.1 461.7 2400 -2061 
35133 73105.4 31337.4 461.7 2400 -2010 
34104 72926.3 31829.6 461.7 2400 -2061 
33663 72926.3 31829.6 461.7 2400 -2061 
33810 71851.2 31173.3 461.7 2400 -2061 
34251 69880.2 29860.7 461.7 2400 -2061 
34251 68805.1 28548.2 461.7 2400 -2061 
34692 67909.2 27563.8 461.7 2320 -2062 
35721 67371.7 26743.4 461.7 2400 -2010 
36309 66834.1 26743.4 461.7 2400 -2061 
36897 66475.8 27071.5 461.7 2320 -2011 
37191 66655 27563.8 461.7 2400 -2010 
37338 67192.5 28056 461.7 2400 -2061 
36603 67730 28876.3 461.7 2400 -2061 
35133 68446.8 29860.7 461.7 2400 -2061 
33810 67909.2 30845.2 461.7 2400 -2010 
32487 66655 31009.2 461.7 2400 -2010 
30870 65400.7 30681.1 461.7 2400 -2061 
29253 64146.4 29204.5 461.7 2320 -2062 
28371 63250.5 27563.8 538.65 2320 -2062 
27636 61637.9 26251.2 461.7 2400 -2010 
26460 60204.5 25594.9 538.65 2400 -2010 
26313 59308.6 25430.8 538.65 2400 -2010 
26460 58233.5 25266.8 538.65 2400 -2010 
26313 57337.6 25102.7 461.7 2320 -2062 
26313 56083.3 23790.1 461.7 2400 -2061 
26901 55008.3 22313.5 461.7 2320 -2062 
27342 53754 21493.2 461.7 2320 -2011 
27048 52678.9 21165 461.7 2320 -2062 
27636 51603.8 20836.9 461.7 2320 -2011 
28371 50887.1 20672.8 538.65 2320 -2062 
28665 49991.2 20180.6 461.7 2320 -2062 
28371 49632.9 19852.5 538.65 2320 -2011 
28665 49453.7 19852.5 461.7 2320 -2011 
28224 50528.8 20508.8 538.65 2320 -2062 
27048 51603.8 21821.3 538.65 2320 -2011 
26019 51962.2 23790.1 538.65 2400 -2010 
25431 52858.1 24938.6 461.7 2400 -2010 
24108 52858.1 25923.1 461.7 2400 -2010 
23079 52499.7 26415.3 461.7 2320 -2011 
22638 51424.7 26415.3 461.7 2400 -2061 
21756 49453.7 25430.8 538.65 2400 -2061 
21315 47482.7 23626.1 461.7 2400 -2061 
21609 45332.5 21001 538.65 2400 -2061 
21609 43719.9 19032.1 538.65 2400 -2061 
21315 42107.3 18211.8 538.65 2400 -2061 
21756 40494.7 18211.8 538.65 2400 -2061 
22785 38344.5 18704 538.65 2320 -2062 
22785 37090.3 18539.9 538.65 2320 -2062 
22638 36015.2 17719.6 538.65 2400 -2010 
23226 35298.5 16407 538.65 2400 -2010 
23226 34581.7 15586.6 538.65 2320 -2062 
22785 32969.1 15422.6 538.65 2400 -2010 
22638 32073.2 15914.8 461.7 2400 -2010 
22197 31714.9 15422.6 461.7 2400 -2061 
21315 31535.7 15258.5 538.65 2320 -2062 
21021 31177.3 15094.4 538.65 2400 -2061 
20727 30639.8 15914.8 538.65 2320 -2062 
19845 30998.1 17063.3 461.7 2320 -2062 
18963 31535.7 18704 538.65 2400 -2061 
18669 32252.4 19852.5 538.65 2400 -2061 
18669 32252.4 20508.8 461.7 2400 -2010 
18522 31894 21001 461.7 2400 -2010 
18816 31356.5 21165 538.65 2320 -2062 
19110 30998.1 21165 538.65 2320 -2062 
18963 30102.2 20508.8 538.65 2400 -2061 
18669 28848 19360.3 538.65 2400 -2010 
18963 27593.7 17555.5 538.65 2320 -2011 
19551 26339.5 16899.2 538.65 2320 -2062 
19698 24906 16735.1 538.65 2400 -2010 
19845 23651.8 16899.2 538.65 2400 -2061 
19992 22576.7 16735.1 538.65 2400 -2061 
19257 20784.9 15914.8 538.65 2400 -2061 
18522 18634.7 14438.2 538.65 2320 -2062 
17934 16842.9 12469.3 538.65 2320 -2062 
17640 15409.5 10828.6 538.65 2400 -2010 
17346 14334.4 9516.06 538.65 2400 -2010 
16905 13080.1 8859.78 538.65 2320 -2011 
16611 11825.9 8531.64 538.65 2320 -2011 
16317 11109.2 8039.43 538.65 2320 -2062 
15876 10571.6 7711.29 538.65 2320 -2062 
15435 10571.6 8367.57 538.65 2320 -2011 
15435 11646.7 9351.99 538.65 2400 -2061 
15435 12721.8 10992.7 538.65 2320 -2011 
14994 13617.7 12961.5 538.65 2400 -2010 
15288 15051.1 15094.4 538.65 2400 -2010 
16023 16305.4 16899.2 538.65 2400 -2061 
16464 17380.5 18375.8 538.65 2400 -2061 
16464 17738.8 19524.3 461.7 2400 -2010 
16464 17380.5 19524.3 538.65 2400 -2061 
16611 16663.7 19196.2 538.65 2400 -2061 
16317 15767.8 18539.9 538.65 2320 -2062 
15582 14513.6 17719.6 538.65 2320 -2062 
15288 12542.6 15750.7 538.65 2400 -2061 
15729 9675.72 13945.9 538.65 2320 -2062 
15582 6450.48 11649 538.65 2320 -2011 
14553 2866.88 9023.85 538.65 2320 -2062 
13671 0 6398.73 538.65 2320 -2011 
13377 -2329.34 3609.54 538.65 2400 -2061 
13230 -4121.14 1804.77 538.65 2400 -2010 
12936 -5375.4 328.14 538.65 2400 -2061 
12642 -5733.76 -492.21 538.65 2320 -2062 
12789 -6092.12 -0 538.65 2320 -2062 
13230 -5375.4 1476.63 538.65 2320 -2011 
13524 -3762.78 4101.75 538.65 2320 -2011 
13230 -2150.16 7383.15 538.65 2320 -2011 
12789 -537.54 10664.5 538.65 2400 -2010 
12936 537.54 12469.3 538.65 2400 -2061 
13377 1791.8 13125.6 538.65 2320 -2011 
13671 3225.24 13289.7 538.65 2320 -2062 
13230 4121.14 13453.7 538.65 2400 -2061 
12642 4837.86 14766.3 538.65 2320 -2062 
12054 5017.04 16242.9 538.65 2400 -2010 
12054 4837.86 17227.3 538.65 2400 -2061 
12348 3583.6 17883.6 538.65 2400 -2010 
11907 1970.98 17227.3 538.65 2320 -2011 
11025 -358.36 15422.6 538.65 2400 -2061 
10584 -3225.24 12961.5 538.65 2320 -2062 
10731 -6271.3 9680.13 538.65 2320 -2011 
11025 -9317.36 6398.73 615.6 2320 -2011 
11319 -11646.7 3445.47 538.65 2320 -2011 
11172 -13976 1148.49 538.65 2320 -2062 
10731 -15409.5 -164.07 538.65 2400 -2061 
10290 -16484.6 -1148.49 538.65 2320 -2062 
10143 -16305.4 -1476.63 538.65 2320 -2062 
10143 -15947 -656.28 538.65 2320 -2011 
10290 -14692.8 984.42 538.65 2320 -2011 
10584 -13796.9 4101.75 538.65 2400 -2010 
10290 -12363.4 7383.15 538.65 2320 -2011 
9702 -11109.2 9844.2 538.65 2320 -2062 
8967 -9854.9 11156.8 538.65 2320 -2062 
8085 -8959 11484.9 538.65 2400 -2061 
7938 -8421.46 11320.8 538.65 2320 -2062 
8379 -8421.46 11156.8 538.65 2320 -2011 
8967 -9317.36 11649 538.65 2320 -2011 
9408 -10213.3 11813 538.65 2320 -2011 
9408 -11825.9 11484.9 538.65 2320 -2011 
8673 -13617.7 10008.3 538.65 2320 -2011 
7938 -15767.8 7875.36 461.7 2320 -2011 
7791 -17918 5086.17 538.65 2320 -2011 
7350 -18813.9 2132.91 538.65 2320 -2011 
7791 -20605.7 -0 538.65 2320 -2011 
7938 -21143.2 -1148.49 538.65 2320 -2011 
8379 -21680.8 -1312.56 538.65 2320 -2011 
8526 -21860 -656.28 538.65 2320 -2011 
8085 -21501.6 820.35 615.6 2320 -2011 
7791 -20964.1 2625.12 615.6 2320 -2011 
7497 -20068.2 4593.96 615.6 2320 -2011 
6762 -18455.5 6398.73 615.6 2320 -2062 
6321 -17738.8 7875.36 615.6 2320 -2011 
6027 -16842.9 9023.85 538.65 2320 -2011 
6027 -15947 10008.3 538.65 2320 -2011 
5586 -16126.2 10336.4 538.65 2320 -2011 
5439 -16663.7 10336.4 538.65 2240 -2012 
5733 -17022.1 10008.3 538.65 2320 -2011 
5292 -18276.4 9187.92 538.65 2240 -1961 
5733 -20068.2 7711.29 538.65 2240 -1961 
6321 -21860 6070.59 538.65 2240 -1961 
6174 -23472.6 4265.82 615.6 2240 -2012 
6615 -25443.6 2296.98 538.65 2240 -2012 
7203 -26877 820.35 538.65 2320 -2011 
7056 -27414.5 164.07 538.65 2320 -1960 
6615 -28310.4 164.07 538.65 2240 -1961 
6468 -28848 656.28 538.65 2240 -2012 
6615 -29385.5 1476.63 538.65 2320 -2011 
6321 -28489.6 2625.12 538.65 2240 -2012 
5292 -27414.5 3937.68 538.65 2320 -2011 
4557 -26877 5250.24 538.65 2320 -2011 
4410 -26518.6 6234.66 538.65 2320 -2011 
4410 -25443.6 6890.94 538.65 2240 -2012 
4557 -24368.5 7547.22 538.65 2320 -2011 
4410 -23830.9 7711.29 538.65 2320 -2011 
3969 -24189.3 7711.29 538.65 2320 -2011 
3381 -25264.4 7219.08 538.65 2320 -2011 
2793 -26518.6 6562.8 538.65 2320 -2062 
2205 -27952.1 5578.38 538.65 2320 -2011 
1617 -29027.2 4593.96 538.65 2320 -2062 
1176 -30102.2 3773.61 538.65 2320 -2011 
1029 -30639.8 3117.33 538.65 2240 -2063 
882 -30998.1 2625.12 538.65 2320 -2011 
147 -31894 2461.05 538.65 2320 -2062 
-1764 -32252.4 2296.98 538.65 2320 -2011 
-6615 -32073.2 2461.05 538.65 2320 -2011 
-10878 -32073.2 2625.12 615.6 2320 -2011 
-15141 -31177.3 2953.26 615.6 2240 -2063 
-17640 -30819 3609.54 615.6 2240 -2012 
-19404 -29743.9 4429.89 615.6 2240 -2012 
-20727 -29743.9 4922.1 615.6 2240 -2012 
-21756 -29385.5 5414.31 615.6 2240 -1961 
-21462 -29564.7 5742.45 615.6 2240 -1961 
-20874 -30819 5906.52 615.6 2240 -1961 
-20580 -31714.9 5906.52 615.6 2240 -1961 
-20433 -32073.2 5414.31 538.65 2240 -1961 
-20433 -32969.1 4922.1 538.65 2320 -1960 
-20874 -34044.2 4429.89 615.6 2320 -2011 
-21315 -35119.3 4101.75 538.65 2320 -2011 
-20727 -36552.7 3773.61 538.65 2320 -2011 
-19992 -40673.9 3445.47 538.65 2320 -2011 
-19845 -44257.5 3445.47 538.65 2320 -2062 
-19845 -46945.2 3445.47 461.7 2400 -2112 
-19698 -48737 3773.61 461.7 2400 -2112 
-19257 -50170.4 3937.68 461.7 2480 -2162 
-18081 -51783 4101.75 384.75 2480 -2162 
-17199 -53574.8 4101.75 384.75 2480 -2111 
-17199 -54112.4 3773.61 384.75 2400 -2112 
-17787 -54829.1 3773.61 384.75 2400 -2112 
-17493 -56441.7 3773.61 384.75 2400 -2112 
-17052 -56620.9 3445.47 461.7 2400 -2112 
-17640 -58412.7 3281.4 461.7 2320 -2113 
-18816 -59129.4 3281.4 461.7 2320 -2062 
-18963 -60921.2 3773.61 538.65 2320 -2062 
-18522 -61100.4 3937.68 538.65 2400 -2061 
-18963 -62354.6 4101.75 538.65 2400 -2061 
-19698 -62713 4101.75 538.65 2320 -2062 
-19257 -62175.5 4101.75 538.65 2400 -2061 
-18816 -61996.3 4101.75 538.65 2320 -2062 
-19110 -61996.3 3937.68 538.65 2320 -2113 
-19698 -61637.9 3937.68 538.65 2320 -2113 
-18963 -61637.9 4101.75 538.65 2320 -2062 
-18375 -61458.7 4593.96 538.65 2320 -2062 
-18522 -61817.1 4922.1 538.65 2400 -2061 
-18228 -61996.3 5414.31 538.65 2400 -2061 
-17346 -61817.1 5414.31 538.65 2320 -2062 
-16758 -61637.9 5742.45 538.65 2320 -2062 
-16611 -61996.3 5742.45 538.65 2320 -2062 
-15729 -62175.5 5578.38 538.65 2320 -2062 
-15141 -62533.8 5414.31 461.7 2320 -2062 
-15435 -62175.5 5086.17 538.65 2320 -2062 
-15435 -61279.6 4758.03 538.65 2320 -2062 
-14994 -60742 4101.75 538.65 2320 -2062 
-14994 -60562.8 4101.75 538.65 2320 -2062 
-15582 -60742 4593.96 615.6 2320 -2062 
-15582 -59846.1 5250.24 538.65 2400 -2061 
-14847 -59129.4 5742.45 538.65 2320 -2062 
-14994 -59487.8 6398.73 538.65 2320 -2062 
-15582 -59666.9 7219.08 538.65 2320 -2062 
-15435 -59666.9 7711.29 461.7 2320 -2062 
-15141 -58950.2 8203.5 461.7 2320 -2062 
-15582 -59308.6 8203.5 538.65 2320 -2062 
-16023 -59308.6 7875.36 538.65 2320 -2062 
-15288 -58950.2 7219.08 538.65 2320 -2011 
-14553 -58591.9 6726.87 538.65 2320 -2011 
-14700 -58233.5 6398.73 538.65 2320 -2011 
-14700 -58233.5 6234.66 538.65 2320 -2011 
-14112 -57696 6070.59 538.65 2240 -2012 
-13377 -57158.4 6234.66 538.65 2240 -2012 
-13083 -57337.6 6562.8 538.65 2240 -2012 
-13083 -56800.1 7219.08 615.6 2320 -2062 
-12348 -56083.3 7711.29 538.65 2320 -2011 
-11319 -56083.3 7547.22 538.65 2240 -2012 
-10437 -55725 7547.22 538.65 2320 -2011 
-10437 -54649.9 7711.29 538.65 2320 -2062 
-10584 -54291.5 8203.5 538.65 2320 -2062 
-10290 -53754 8859.78 538.65 2320 -2011 
-9408 -53037.3 9516.06 538.65 2320 -2062 
-8820 -52678.9 10172.3 538.65 2320 -2062 
-8967 -52499.7 10828.6 538.65 2320 -2062 
-9408 -52141.4 11156.8 538.65 2320 -2062 
-9849 -52678.9 10664.5 538.65 2320 -2062 
-9849 -52858.1 9844.2 461.7 2320 -2062 
-9408 -53216.5 8531.64 538.65 2320 -2062 
-8967 -53754 7219.08 538.65 2320 -2011 
-8379 -53933.2 6562.8 538.65 2240 -2012 
-8085 -53933.2 6398.73 538.65 2320 -2011 
-8085 -54291.5 6398.73 538.65 2320 -2011 
-8232 -53395.6 7055.01 538.65 2320 -2062 
-8673 -53216.5 7711.29 538.65 2240 -2063 
-9114 -52141.4 8367.57 538.65 2320 -2062 
-9114 -50707.9 8695.71 538.65 2320 -2011 
-9114 -49632.9 9516.06 538.65 2320 -2062 
-9114 -48020.2 10828.6 538.65 2320 -2062 
-8673 -47124.3 11977.1 538.65 2320 -2011 
-8085 -46586.8 12633.4 538.65 2320 -2062 
-7644 -46049.3 13289.7 538.65 2320 -2062 
-6174 -46407.6 13289.7 538.65 2320 -2062 
-3381 -46228.4 12797.5 538.65 2320 -2062 
1764 -46586.8 11813 538.65 2320 -2011 
6321 -46945.2 11320.8 538.65 2320 -2011 
10437 -47482.7 11320.8 538.65 2320 -2062 
12789 -47661.9 11156.8 538.65 2320 -2011 
14994 -46945.2 10828.6 538.65 2320 -2011 
16611 -47124.3 10828.6 615.6 2320 -2011 
18228 -46407.6 10828.6 615.6 2320 -2011 
19698 -45870.1 10828.6 538.65 2320 -2062 
20580 -44795 11484.9 538.65 2320 -2062 
21315 -44078.3 12469.3 538.65 2320 -2062 
22050 -43540.7 13945.9 538.65 2320 -2062 
22197 -42465.7 15094.4 461.7 2320 -2113 
22344 -42107.3 16078.9 538.65 2320 -2062 
22932 -41032.2 16078.9 538.65 2320 -2062 
24108 -40673.9 15422.6 538.65 2320 -2062 
25431 -40136.3 14602.2 461.7 2320 -2062 
25578 -39778 14602.2 538.65 2320 -2062 
25431 -39419.6 15750.7 538.65 2320 -2062 
25872 -38702.9 17063.3 538.65 2320 -2062 
26901 -38165.3 18704 538.65 2320 -2062 
27195 -37448.6 18868 538.65 2320 -2062 
27048 -36911.1 18375.8 461.7 2320 -2062 
27342 -35477.6 18211.8 461.7 2320 -2062 
27195 -35298.5 18375.8 461.7 2320 -2062 
26313 -34760.9 18868 538.65 2320 -2062 
26460 -34760.9 20180.6 538.65 2320 -2062 
26166 -34044.2 21165 538.65 2320 -2062 
25725 -34044.2 21165 538.65 2320 -2062 
26460 -33506.7 20016.5 538.65 2320 -2011 
26313 -33327.5 19688.4 538.65 2320 -2011 
26754 -32789.9 19360.3 538.65 2320 -2062 
27048 -32431.6 19688.4 538.65 2320 -2011 
27195 -32431.6 20344.7 538.65 2320 -2011 
28077 -32431.6 20344.7 538.65 2320 -2062 
28371 -32431.6 20016.5 538.65 2320 -2062 
29253 -32073.2 19688.4 538.65 2320 -2011 
29106 -32073.2 19688.4 538.65 2320 -2062 
29253 -31535.7 20016.5 538.65 2320 -2011 
28665 -31356.5 20344.7 538.65 2320 -2011 
28224 -30639.8 20508.8 538.65 2240 -2063 
27930 -30281.4 20672.8 538.65 2320 -2011 
28077 -29385.5 20672.8 538.65 2320 -2062 
28077 -28668.8 21493.2 538.65 2320 -2062 
28224 -27593.7 22641.7 538.65 2320 -2062 
29106 -26518.6 23790.1 538.65 2320 -2011 
29547 -24906 24938.6 538.65 2320 -2062 
29988 -24189.3 25430.8 538.65 2320 -2062 
30429 -22935 25266.8 538.65 2320 -2011 
30135 -22755.9 25594.9 538.65 2320 -2062 
29988 -22039.1 26251.2 538.65 2320 -2011 
29841 -22218.3 26907.5 538.65 2240 -2012 
29841 -21860 27235.6 615.6 2320 -2011 
30135 -21860 27235.6 538.65 2320 -2011 
30723 -21501.6 26579.3 538.65 2240 -2012 
31164 -21322.4 26087.1 538.65 2320 -2011 
31164 -20784.9 26251.2 538.65 2240 -2012 
31164 -20426.5 26907.5 538.65 2240 -2012 
30576 -20068.2 27891.9 538.65 2320 -2062 
29988 -19709.8 28548.2 538.65 2320 -2062 
29988 -18993.1 28876.3 538.65 2320 -2011 
29988 -18097.2 29040.4 538.65 2320 -2011 
30576 -17559.6 29368.5 538.65 2320 -2011 
31311 -16842.9 30024.8 538.65 2320 -2062 
31458 -16305.4 30681.1 538.65 2320 -2062 
31458 -15767.8 31173.3 538.65 2320 -2011 
31164 -16305.4 31173.3 538.65 2320 -2011 
31164 -15767.8 30681.1 538.65 2320 -2062 
31311 -16126.2 30352.9 538.65 2320 -2062 
31899 -15409.5 30352.9 538.65 2320 -2062 
32487 -15588.7 30681.1 538.65 2320 -2062 
32340 -15051.1 31009.2 538.65 2320 -2062 
31752 -15051.1 31665.5 538.65 2240 -2063 
31164 -14692.8 31993.6 538.65 2320 -2011 
30870 -14334.4 31501.4 538.65 2320 -2011 
31017 -14334.4 30845.2 538.65 2320 -2011 
30870 -14155.2 30681.1 538.65 2320 -2011 
30723 -13617.7 31337.4 538.65 2320 -2062 
29841 -12721.8 32157.7 538.65 2320 -2062 
29400 -12184.2 33634.3 538.65 2320 -2062 
29547 -11109.2 34946.9 538.65 2320 -2011 
30135 -10392.4 35439.1 538.65 2320 -2011 
30576 -9138.18 35275 538.65 2320 -2011 
30429 -8063.1 35439.1 538.65 2320 -2062 
30282 -6808.84 36259.5 538.65 2320 -2062 
30135 -5912.94 37079.8 538.65 2240 -2012 
30576 -5196.22 38392.4 538.65 2320 -2062 
31458 -4300.32 39540.9 538.65 2320 -2011 
31899 -3941.96 40361.2 538.65 2320 -2011 
31899 -3225.24 40853.4 538.65 2320 -2011 
31752 -3225.24 40361.2 538.65 2320 -2062 
31458 -3225.24 39704.9 538.65 2320 -2011 
31752 -3583.6 39376.8 538.65 2320 -2011 
31752 -4479.5 38884.6 538.65 2320 -2011 
31311 -5196.22 38392.4 538.65 2320 -2011 
30282 -6271.3 38392.4 538.65 2320 -2062 
29400 -6629.66 38720.5 538.65 2320 -2011 
28959 -6808.84 39048.7 538.65 2320 -2062 
28665 -6808.84 39212.7 615.6 2320 -2011 
28077 -5912.94 39376.8 538.65 2320 -2011 
27342 -5196.22 39704.9 538.65 2240 -2012 
26754 -3404.42 40689.4 538.65 2320 -2011 
26607 -1970.98 41509.7 538.65 2320 -2011 
27195 -716.72 42822.3 615.6 2240 -2012 
27195 358.36 44134.8 615.6 2320 -2011 
27342 1254.26 45775.5 538.65 2320 -2011 
27342 2150.16 46759.9 538.65 2320 -2011 
27930 2866.88 47580.3 538.65 2320 -2062 
28959 3046.06 48236.6 538.65 2320 -2011 
29400 3583.6 48236.6 615.6 2320 -2011 
29106 3225.24 47416.2 538.65 2320 -2011 
28812 3046.06 46759.9 615.6 2320 -1960 
28812 2687.7 46103.7 615.6 2320 -2011 
28518 1970.98 45119.2 615.6 2320 -2011 
27783 1433.44 44298.9 615.6 2320 -2011 
26901 895.9 43970.8 615.6 2320 -2011 
25578 179.18 43806.7 538.65 2320 -2011 
24990 358.36 43970.8 538.65 2320 -2011 
24843 537.54 44627 538.65 2320 -2011 
24549 1075.08 45119.2 538.65 2320 -2011 
23667 2508.52 45611.5 538.65 2320 -2011 
23226 3762.78 46924 538.65 2320 -2011 
23520 4837.86 48236.6 538.65 2320 -2062 
24402 6629.66 49713.2 538.65 2320 -2062 
24696 8242.28 51025.8 538.65 2320 -2062 
24549 8600.64 52338.3 538.65 2320 -2062 
24402 9138.18 53322.8 538.65 2320 -2011 
24696 9496.54 53979 538.65 2320 -2062 
24990 9138.18 54471.2 538.65 2400 -2061 
24696 8779.82 54635.3 538.65 2400 -2061 
23814 8600.64 54635.3 538.65 2400 -2061 
23226 8063.1 54799.4 538.65 2320 -2062 
22638 7704.74 54963.4 538.65 2320 -2011 
22491 8242.28 56604.1 538.65 2400 -2061 
21609 8421.46 59885.5 538.65 2400 -2010 
20433 8421.46 63166.9 538.65 2400 -2061 
19551 8779.82 67104.6 538.65 2400 -2061 
19257 9496.54 71206.4 538.65 2400 -2061 
19404 10034.1 74980 538.65 2400 -2112 
19257 10034.1 77933.2 538.65 2400 -2112 
18963 10750.8 79738 538.65 2400 -2112 
19404 11288.3 81050.6 538.65 2400 -2112 
19551 11825.9 82035 538.65 2400 -2061 
20139 11646.7 83019.4 538.65 2400 -2061 
20139 11825.9 83511.6 538.65 2400 -2061 
19992 12005.1 84167.9 461.7 2400 -2061 
19551 11467.5 84824.2 538.65 2400 -2061 
19257 10930 84988.3 538.65 2400 -2112 
19698 10750.8 84660.1 538.65 2400 -2061 
19551 11288.3 84332 538.65 2400 -2112 
18522 11646.7 84003.8 538.65 2400 -2061 
17640 11646.7 84003.8 538.65 2400 -2061 
16758 12005.1 84496.1 538.65 2400 -2061 
16023 12901 85480.5 538.65 2400 -2061 
15582 14334.4 87449.3 538.65 2400 -2061 
14847 14871.9 89090 538.65 2400 -2061 
13671 15051.1 91387 538.65 2400 -2010 
12642 15230.3 92863.6 538.65 2400 -2010 
12054 15588.7 93519.9 538.65 2400 -2061 
12201 16126.2 94176.2 538.65 2400 -2061 
12642 16484.6 93848 538.65 2320 -2062 
12495 16305.4 93519.9 538.65 2400 -2061 
12348 15767.8 92863.6 538.65 2400 -2010 
12201 15230.3 92207.3 538.65 2400 -2010 
12201 15051.1 92371.4 538.65 2400 -2061 
12642 15588.7 92863.6 538.65 2400 -2061 
12789 16126.2 93519.9 538.65 2400 -2010 
12789 16305.4 94176.2 538.65 2400 -2010 
12348 17022.1 94504.3 538.65 2400 -2010 
11172 17559.6 94668.4 538.65 2400 -2061 
10143 17918 94832.5 538.65 2400 -2061 
9702 18634.7 94996.5 538.65 2400 -2061 
9702 19351.4 95652.8 538.65 2400 -2061 
9702 20426.5 95980.9 538.65 2320 -2062 
9408 20964.1 95652.8 538.65 2400 -2010 
8673 20784.9 95652.8 538.65 2400 -2061 
7644 20784.9 95324.7 615.6 2400 -2061 
7203 20247.3 95160.6 538.65 2400 -2061 
6909 20068.2 95488.7 538.65 2400 -2010 
6762 19889 95324.7 538.65 2400 -2010 
6615 19709.8 95160.6 538.65 2400 -2010 
6762 20247.3 94340.2 538.65 2400 -2010 
6468 20605.7 94012.1 538.65 2400 -2010 
6027 21322.4 94504.3 538.65 2400 -2010 
5439 22039.1 94832.5 615.6 2400 -2010 
4557 22218.3 94832.5 615.6 2320 -2011 
4116 23114.2 94504.3 538.65 2320 -2011 
3822 23114.2 94504.3 615.6 2320 -2011 
3675 23114.2 95652.8 615.6 2320 -2011 
3822 24010.1 95816.9 615.6 2320 -2011 
4116 23830.9 95652.8 615.6 2320 -2011 
4263 23472.6 95324.7 615.6 2320 -2011 
4116 23114.2 95324.7 615.6 2400 -2010 
3675 23472.6 95488.7 615.6 2320 -2011 
2793 24010.1 94340.2 615.6 2320 -2011 
1911 23651.8 93848 615.6 2320 -1960 
1029 22935 94012.1 615.6 2320 -2011 
294 22218.3 94176.2 615.6 2320 -2011 
-147 21680.8 93355.8 615.6 2400 -2010 
-441 21501.6 93355.8 538.65 2400 -2010 
-588 21680.8 94504.3 538.65 2400 -2010 
-882 24368.5 94996.5 538.65 2400 -2010 
-1029 28489.6 94832.5 538.65 2400 -2061 
-882 31714.9 95160.6 538.65 2400 -2061 
-882 34223.4 95652.8 615.6 2480 -2060 
-882 36552.7 95160.6 538.65 2480 -2060 
-735 38882.1 95488.7 538.65 2480 -2060 
-294 41390.6 96801.3 538.65 2480 -2060 
-294 43719.9 97293.5 538.65 2480 -2111 
-588 45153.4 97129.4 538.65 2480 -2060 
-1176 45690.9 97293.5 538.65 2480 -2111 
-1470 46407.6 97129.4 538.65 2480 -2111 
-1911 47661.9 96637.2 461.7 2400 -2061 
-2058 48020.2 97457.6 538.65 2400 -2061 
-2499 47482.7 98113.9 461.7 2400 -2061 
-3234 48199.4 98113.9 538.65 2480 -2060 
-4410 48916.1 98113.9 461.7 2400 -2010 
-5733 48737 97621.6 461.7 2400 -2061 
-8673 49812 96145 538.65 2400 -2061 
-14259 48916.1 95488.7 538.65 2480 -2009 
-19551 48916.1 95324.7 538.65 2400 -2010 
-23226 48557.8 94832.5 538.65 2400 -2010 
-25872 48378.6 95488.7 538.65 2400 -2061 
-27636 47841.1 95160.6 538.65 2480 -2009 
-29106 48199.4 94832.5 538.65 2480 -2060 
-30429 47841.1 95816.9 538.65 2480 -2060 
-31458 48557.8 96965.4 538.65 2480 -2060 
-32634 48378.6 97621.6 538.65 2480 -2060 
-33369 49453.7 98277.9 538.65 2480 -2060 
-33222 50349.6 96965.4 538.65 2480 -2060 
-33369 50528.8 96473.2 538.65 2480 -2111 
-34692 50528.8 96637.2 538.65 2480 -2060 
-35133 50170.4 96637.2 461.7 2400 -2061 
-34545 49274.5 97457.6 461.7 2480 -2111 
-35280 48737 96965.4 538.65 2480 -2060 
-35427 49095.3 96309.1 538.65 2480 -2060 
-35574 49453.7 95980.9 538.65 2480 -2060 
-36750 49632.9 95160.6 538.65 2480 -2060 
-36456 49632.9 95324.7 538.65 2480 -2060 
-37338 49632.9 94832.5 538.65 2400 -2061 
-37338 49812 94340.2 538.65 2400 -2061 
-37779 49812 94012.1 538.65 2400 -2061 
-37338 49812 93519.9 538.65 2480 -2060 
-37485 49812 94176.2 538.65 2400 -2010 
-36750 50170.4 94176.2 538.65 2480 -2060 
-36750 49991.2 94668.4 538.65 2400 -2010 
-37191 49812 94832.5 538.65 2400 -2010 
-37485 49274.5 94668.4 538.65 2400 -2061 
-38220 49453.7 94996.5 538.65 2400 -2061 
-38367 49453.7 93684 538.65 2400 -2061 
-38073 49812 93519.9 538.65 2400 -2061 
-37926 49453.7 93027.7 615.6 2480 -2060 
-37485 48737 93355.8 615.6 2480 -2060 
-36603 47841.1 93027.7 538.65 2480 -2060 
-36015 47124.3 92535.5 538.65 2480 -2060 
-36015 46766 91879.2 538.65 2400 -2010 
-36309 46228.4 91222.9 538.65 2480 -2009 
-36456 45332.5 91715.1 538.65 2480 -2009 
-36603 44795 91058.8 538.65 2480 -2009 
-36750 44795 90402.6 538.65 2480 -2060 
-36603 45690.9 88925.9 538.65 2480 -2060 
-36456 46228.4 88269.7 538.65 2480 -2060 
-36750 45690.9 88269.7 538.65 2480 -2060 
-37338 44974.2 88925.9 538.65 2480 -2060 
-37779 44615.8 89910.4 615.6 2480 -2060 
-37779 44795 90402.6 538.65 2480 -2060 
-37632 44615.8 90402.6 538.65 2480 -2060 
-37191 44436.6 88925.9 538.65 2400 -2010 
-37485 44615.8 88105.6 538.65 2480 -2060 
-37926 44615.8 86957.1 538.65 2400 -2061 
-37926 44436.6 88269.7 538.65 2400 -2061 
-37338 44436.6 88269.7 538.65 2480 -2060 
-36456 43540.7 88269.7 538.65 2480 -2060 
-36162 42824 87449.3 538.65 2480 -2060 
-36015 43003.2 87777.4 538.65 2480 -2060 
-35868 43003.2 87777.4 538.65 2480 -2060 
-35868 42465.7 87285.2 538.65 2480 -2060 
-34986 42286.5 86136.8 538.65 2480 -2060 
-34839 42107.3 84660.1 538.65 2480 -2060 
-35133 42465.7 83839.8 538.65 2480 -2060 
-35721 41569.8 83839.8 538.65 2480 -2060 
-35868 40494.7 84988.3 538.65 2480 -2060 
-35427 39957.1 85480.5 538.65 2400 -2010 
-35574 39957.1 85808.6 538.65 2480 -2060 
-35721 40136.3 84003.8 538.65 2480 -2060 
-35868 39957.1 82691.3 538.65 2400 -2061 
-35574 40315.5 81706.9 538.65 2480 -2060 
-34986 40494.7 82199.1 538.65 2480 -2009 
-35133 40136.3 83019.4 538.65 2400 -2010 
-35133 38882.1 83347.6 538.65 2480 -2009 
-35133 38165.3 82363.1 538.65 2400 -2010 
-35280 37627.8 81214.6 538.65 2400 -2010 
-35280 37090.3 80394.3 538.65 2480 -2060 
-35133 36015.2 79738 538.65 2480 -2009 
-34839 35656.8 79081.7 538.65 2480 -2060 
-33957 35836 77277 538.65 2480 -2060 
-34104 35477.6 75800.3 615.6 2480 -2060 
-34692 34581.7 74323.7 538.65 2400 -2061 
-34839 33865 74980 615.6 2400 -2010 
-33663 33685.8 75308.1 538.65 2480 -2009 
-33222 33148.3 76948.8 538.65 2400 -2010 
-33369 33148.3 76456.6 538.65 2400 -2061 
-33222 33685.8 75636.3 538.65 2400 -2061 
-32634 34223.4 73831.5 538.65 2480 -2060 
-33075 33865 73339.3 538.65 2480 -2060 
-33222 33148.3 74159.6 538.65 2480 -2060 
-32781 33148.3 75308.1 538.65 2480 -2009 
-32340 32969.1 75636.3 538.65 2480 -2060 
-32340 31894 74159.6 538.65 2480 -2009 
-32340 31714.9 73011.1 538.65 2480 -2009 
-31899 31714.9 71862.7 538.65 2480 -2060 
-31605 31177.3 72190.8 538.65 2480 -2060 
-31458 30460.6 71042.3 615.6 2480 -2009 
-31311 30102.2 70057.9 538.65 2480 -2060 
-31017 29923.1 68253.1 538.65 2480 -2060 
-30723 29206.3 67104.6 538.65 2400 -2061 
-30723 28310.4 66940.6 538.65 2400 -2061 
-29841 27952.1 66940.6 538.65 2400 -2061 
-29400 27235.4 68089.1 538.65 2480 -2060 
-29253 26160.3 67104.6 538.65 2480 -2060 
-29547 25801.9 66284.3 538.65 2480 -2060 
-29547 25622.7 65299.9 538.65 2480 -2009 
-29694 25443.6 64315.4 538.65 2480 -2060 
-29547 24906 64971.7 538.65 2480 -2009 
-29253 25085.2 64971.7 538.65 2480 -2060 
-29106 25622.7 65792.1 538.65 2480 -2060 
-29547 25443.6 65628 538.65 2480 -2060 
-29547 25085.2 65135.8 615.6 2480 -2060 
-29400 25443.6 64643.6 538.65 2480 -2060 
-29400 25443.6 63659.2 538.65 2480 -2060 
-28812 24547.7 63987.3 538.65 2480 -2060 
-27783 24189.3 63002.9 538.65 2480 -2009 
-27636 23830.9 61690.3 538.65 2480 -2009 
-27783 22755.9 60213.7 538.65 2480 -2060 
-27195 21501.6 58408.9 538.65 2480 -2060 
-26754 20068.2 57916.7 538.65 2480 -2009 
-26754 19172.3 56932.3 615.6 2400 -2061 
-26019 17738.8 55947.9 615.6 2400 -2061 
-25725 16842.9 56111.9 538.65 2480 -2060 
-26166 16842.9 55291.6 538.65 2480 -2060 
-26460 16663.7 54799.4 538.65 2480 -2060 
-26166 16126.2 54799.4 538.65 2480 -2060 
-26313 15947 54307.2 538.65 2480 -2060 
-26313 16126.2 54143.1 538.65 2480 -2060 
-25872 16126.2 53322.8 538.65 2480 -2060 
-25725 15767.8 52010.2 538.65 2480 -2060 
-25872 15767.8 52994.6 538.65 2480 -2060 
-25872 15947 53650.9 538.65 2480 -2060 
-25137 15588.7 53322.8 538.65 2480 -2060 
-24696 15051.1 52994.6 538.65 2480 -2009 
-24402 14513.6 51682 538.65 2480 -2060 
-23961 14513.6 49549.1 538.65 2480 -2060 
-23814 13796.9 49549.1 538.65 2480 -2009 
-23667 13259.3 50369.5 538.65 2400 -2010 
-23079 13259.3 50369.5 538.65 2400 -2061 
-22491 13259.3 50041.3 538.65 2480 -2060 
-22638 12901 48236.6 538.65 2480 -2009 
-22491 12184.2 45939.6 615.6 2480 -2060 
-21756 12005.1 44134.8 538.65 2480 -2060 
-21756 10930 44134.8 538.65 2480 -2009 
-22050 9675.72 43642.6 538.65 2480 -2060 
-21756 8242.28 42166 538.65 2480 -2060 
-21756 7525.56 41017.5 538.65 2400 -2010 
-22050 6808.84 40197.2 538.65 2480 -2009 
-21756 5733.76 38556.4 538.65 2480 -2009 
-21609 4658.68 37243.9 538.65 2480 -2009 
-21756 3941.96 37079.8 615.6 2480 -2060 
-22050 3762.78 37408 538.65 2400 -2061 
-21756 3404.42 38064.2 538.65 2400 -2061 
-21315 3404.42 38392.4 538.65 2480 -2060 
-21168 4121.14 39048.7 538.65 2400 -2061 
-20727 5375.4 39212.7 538.65 2400 -2061 
-19992 6092.12 38720.5 538.65 2480 -2060 
-19698 6271.3 38228.3 538.65 2400 -2061 
-19698 6629.66 39048.7 538.65 2400 -2061 
-19404 7167.2 40033.1 538.65 2400 -2061 
-19110 7346.38 40361.2 538.65 2400 -2061 
-18963 7167.2 39704.9 538.65 2400 -2061 
-18669 6629.66 38556.4 538.65 2400 -2061 
-18375 6450.48 38228.3 538.65 2400 -2061 
-18081 6092.12 37900.2 615.6 2480 -2009 
-18375 5375.4 36751.7 615.6 2480 -2060 
-18669 3762.78 34946.9 538.65 2400 -2061 
-18522 2687.7 33470.3 538.65 2400 -2010 
-17934 1612.62 32157.7 615.6 2480 -2060 
-18081 537.54 31501.4 538.65 2480 -2060 
-17787 -537.54 30845.2 538.65 2400 -2010 
-16905 -1791.8 29532.6 538.65 2400 -2061 
-16464 -2508.52 28220 538.65 2400 -2061 
-16611 -2687.7 26251.2 538.65 2400 -2061 
-16464 -2866.88 24774.6 538.65 2400 -2061 
-16023 -3404.42 23954.2 538.65 2400 -2061 
-15582 -3583.6 23954.2 538.65 2480 -2009 
-15435 -3583.6 24282.4 538.65 2400 -2010 
-15141 -3046.06 24282.4 538.65 2400 -2061 
-14259 -2508.52 24446.4 538.65 2400 -2061 
-13965 -2508.52 24446.4 615.6 2400 -2061 
-13965 -2329.34 24282.4 538.65 2400 -2061 
-14259 -1612.62 23954.2 538.65 2400 -2061 
-14259 -716.72 23626.1 538.65 2400 -2010 
-13524 0 23954.2 538.65 2480 -2060 
-13524 179.18 24282.4 538.65 2400 -2061 
-13671 0 25102.7 538.65 2400 -2061 
-13671 -537.54 25594.9 538.65 2400 -2061 
-13377 -895.9 25759 538.65 2400 -2061 
-12642 -1254.26 25430.8 538.65 2400 -2061 
-12348 -1612.62 24610.5 615.6 2400 -2061 
-12495 -2687.7 23297.9 615.6 2400 -2010 
-12789 -3762.78 21985.4 615.6 2320 -1960 
-12642 -5375.4 20508.8 615.6 2320 -2011 
-11907 -6450.48 18704 615.6 2320 -2011 
-11613 -7525.56 16899.2 615.6 2320 -2011 
-11466 -8063.1 15258.5 615.6 2400 -2010 
-11172 -8600.64 13453.7 538.65 2320 -2011 
-10878 -9317.36 11977.1 538.65 2400 -2010 
-10437 -9675.72 10992.7 538.65 2320 -2011 
-9996 -9854.9 9023.85 538.65 2400 -2010 
-9849 -9675.72 5742.45 538.65 2400 -2061 
-9996 -9138.18 3445.47 538.65 2400 -2061 
-10290 -8063.1 1312.56 538.65 2400 -2061 
-10290 -6988.02 -164.07 615.6 2320 -2062 
-9996 -6271.3 -984.42 538.65 2400 -2061 
-9702 -6092.12 -1312.56 538.65 2400 -2061 
-9408 -6092.12 -1148.49 615.6 2400 -2061 
-9408 -6092.12 -1312.56 538.65 2400 -2061 
-9408 -5912.94 -2132.91 538.65 2400 -2061 
-9261 -6450.48 -3281.4 538.65 2400 -2061 
-8820 -6629.66 -4429.89 538.65 2400 -2061 
-8232 -6988.02 -5414.31 538.65 2400 -2112 
-7497 -8242.28 -6398.73 538.65 2480 -2111 
-7350 -9675.72 -7711.29 538.65 2480 -2111 
-7350 -10571.6 -9023.85 461.7 2400 -2112 
-7497 -12184.2 -10828.6 461.7 2400 -2112 
-7644 -12542.6 -12305.2 538.65 2400 -2112 
-7791 -12901 -13617.8 538.65 2400 -2061 
-7350 -12901 -13781.9 538.65 2400 -2061 
-6615 -12363.4 -13617.8 538.65 2400 -2061 
-6468 -12542.6 -13453.7 538.65 2320 -2062 
-6027 -11825.9 -12797.5 538.65 2320 -2062 
-6027 -12005.1 -12469.3 538.65 2320 -2011 
-6174 -11646.7 -12141.2 538.65 2320 -2011 
-6321 -12184.2 -12469.3 615.6 2320 -2011 
-6321 -11825.9 -12961.5 615.6 2320 -2062 
-6174 -12005.1 -12961.5 615.6 2400 -2010 
-6321 -12184.2 -12469.3 615.6 2320 -2011 
-5880 -11467.5 -11977.1 615.6 2400 -2061 
-5439 -12005.1 -11484.9 615.6 2320 -2062 
-4704 -11646.7 -11649 615.6 2320 -2011 
-3969 -11467.5 -12141.2 692.55 2320 -2011 
-3675 -12005.1 -12961.5 692.55 2320 -1960 
-3234 -11109.2 -13453.7 692.55 2240 -1961 
-3381 -10930 -13617.8 615.6 2240 -1961 
-3528 -11467.5 -13781.9 615.6 2240 -2012 
-3528 -11288.3 -14274.1 615.6 2320 -1960 
-3969 -10930 -15258.5 615.6 2320 -2011 
-4116 -11646.7 -15750.7 615.6 2320 -2011 
-3969 -12184.2 -15586.6 615.6 2320 -1960 
-3969 -12184.2 -15422.6 615.6 2240 -2012 
-4410 -11825.9 -15586.6 615.6 2240 -2012 
-4116 -11825.9 -16078.9 615.6 2320 -2011 
-3528 -12363.4 -16242.9 538.65 2320 -2011 
-3087 -13080.1 -15750.7 538.65 2320 -2011 
-3381 -13438.5 -14766.3 538.65 2320 -2011 
-3675 -13259.3 -14438.2 615.6 2320 -2011 
-3528 -12721.8 -14602.2 538.65 2320 -2011 
-2940 -11825.9 -13945.9 538.65 2320 -2062 
-2205 -11467.5 -12961.5 538.65 2320 -2011 
-1470 -10930 -12633.4 538.65 2320 -2062 
-441 -10750.8 -12797.5 538.65 2320 -2062 
588 -10571.6 -12469.3 538.65 2320 -2011 
1764 -10750.8 -11649 615.6 2320 -2011 
4704 -12542.6 -11320.8 615.6 2320 -2011 
9555 -16484.6 -11977.1 615.6 2320 -2011 
14112 -19172.3 -11484.9 615.6 2320 -2011 
17787 -21680.8 -10500.5 538.65 2320 -2062 
20874 -23651.8 -10336.4 538.65 2320 -2062 
22932 -25622.7 -11156.8 538.65 2320 -2062 
23961 -27235.4 -11320.8 538.65 2400 -2061 
23961 -29027.2 -11320.8 538.65 2400 -2061 
23226 -31177.3 -12141.2 538.65 2400 -2112 
23373 -33148.3 -12797.5 538.65 2480 -2111 
24108 -34940.1 -12633.4 538.65 2400 -2112 
25137 -35477.6 -12961.5 461.7 2400 -2112 
25284 -35298.5 -13945.9 461.7 2400 -2112 
24696 -35298.5 -13945.9 461.7 2400 -2112 
24696 -35656.8 -13617.8 461.7 2400 -2112 
25578 -36194.4 -13617.8 461.7 2400 -2112 
25725 -35298.5 -13289.7 461.7 2400 -2112 
25578 -34223.4 -12141.2 461.7 2400 -2112 
26313 -33865 -11649 461.7 2320 -2113 
26901 -33506.7 -11320.8 461.7 2320 -2113 
26754 -32073.2 -9680.13 461.7 2320 -2113 
28077 -31535.7 -8531.64 461.7 2320 -2113 
28665 -31714.9 -8203.5 538.65 2320 -2062 
28812 -30460.6 -7219.08 538.65 2320 -2113 
29694 -30460.6 -6726.87 461.7 2400 -2061 
29253 -30639.8 -6726.87 538.65 2320 -2062 
29694 -29923.1 -6070.59 538.65 2320 -2062 
29253 -30639.8 -5414.31 538.65 2320 -2062 
28959 -30639.8 -5742.45 538.65 2320 -2062 
28224 -30639.8 -5742.45 538.65 2320 -2062 
27783 -31177.3 -5578.38 615.6 2320 -2011 
27342 -30639.8 -6562.8 538.65 2320 -2062 
27489 -31177.3 -6890.94 538.65 2240 -2063 
27636 -30639.8 -7383.15 538.65 2320 -2062 
28077 -31714.9 -8531.64 538.65 2320 -2011 
28077 -31356.5 -8203.5 538.65 2320 -2011 
28665 -32610.8 -8039.43 538.65 2240 -2012 
28518 -32431.6 -8695.71 538.65 2320 -2062 
28224 -33148.3 -8531.64 538.65 2320 -2011 
28077 -32789.9 -8039.43 538.65 2320 -2011 
27636 -32789.9 -7875.36 615.6 2240 -2063 
27342 -32252.4 -6726.87 538.65 2240 -2063 
27048 -30998.1 -5742.45 615.6 2320 -2062 
26901 -30281.4 -4593.96 615.6 2320 -2011 
27489 -28848 -2789.19 615.6 2320 -2062 
28224 -28131.3 -1804.77 615.6 2240 -2063 
28371 -27593.7 -1312.56 615.6 2320 -2062 
28224 -26877 -656.28 615.6 2240 -2063 
27636 -27414.5 -1148.49 615.6 2320 -2062 
26754 -27772.9 -984.42 615.6 2320 -2062 
26460 -27772.9 -0 538.65 2320 -2062 
26166 -28668.8 328.14 615.6 2320 -2062 
26607 -28848 984.42 538.65 2240 -2063 
27048 -28310.4 1312.56 538.65 2320 -2062 
27195 -28310.4 656.28 538.65 2320 -2011 
27048 -29027.2 164.07 538.65 2320 -2062 
26754 -29206.3 -328.14 538.65 2320 -2062 
26166 -29206.3 -984.42 538.65 2320 -2062 
25872 -29923.1 -984.42 538.65 2320 -2062 
25872 -30639.8 -820.35 538.65 2240 -2063 
26460 -30460.6 -328.14 538.65 2240 -2012 
26754 -29743.9 492.21 538.65 2240 -2063 
26754 -29027.2 820.35 538.65 2240 -2063 
26313 -29027.2 1476.63 615.6 2320 -2062 
25872 -28848 2296.98 615.6 2320 -2062 
25578 -28489.6 1968.84 538.65 2320 -2062 
25431 -27772.9 2461.05 538.65 2320 -2011 
25431 -26339.5 3445.47 538.65 2240 -2012 
26019 -25264.4 4593.96 538.65 2240 -2063 
26166 -24368.5 6890.94 538.65 2240 -2063 
25578 -23830.9 7875.36 538.65 2320 -2062 
24843 -23472.6 7055.01 538.65 2240 -2063 
24255 -23114.2 6890.94 538.65 2320 -2062 
24255 -22755.9 6726.87 538.65 2320 -2062 
24696 -22039.1 7383.15 538.65 2320 -2062 
24990 -21501.6 9351.99 538.65 2320 -2062 
24990 -21143.2 10008.3 538.65 2320 -2062 
24549 -21143.2 10664.5 538.65 2320 -2062 
23814 -21322.4 10828.6 538.65 2320 -2062 
23520 -21501.6 9351.99 615.6 2320 -2011 
23667 -21322.4 9023.85 538.65 2320 -2062 
24255 -20964.1 9516.06 538.65 2320 -2062 
24696 -20784.9 9351.99 615.6 2320 -2062 
24549 -21322.4 10008.3 538.65 2320 -2011 
23814 -22039.1 10664.5 538.65 2240 -2063 
23520 -22576.7 10172.3 538.65 2320 -2062 
23226 -22755.9 10172.3 538.65 2320 -2011 
23520 -22397.5 10336.4 615.6 2240 -2063 
23814 -22039.1 9844.2 538.65 2240 -2063 
23373 -22039.1 10172.3 538.65 2320 -2062 
22932 -21680.8 10992.7 538.65 2320 -2062 
22197 -21501.6 11320.8 538.65 2320 -2062 
21609 -20964.1 12633.4 538.65 2320 -2062 
21756 -19889 13617.8 538.65 2320 -2011 
22050 -19172.3 13453.7 615.6 2320 -2062 
21903 -18455.5 13945.9 538.65 2320 -2011 
21462 -17918 14438.2 615.6 2320 -2062 
21021 -17559.6 14602.2 615.6 2320 -2011 
20727 -16842.9 15914.8 615.6 2320 -2062 
20874 -16126.2 17227.3 615.6 2320 -2011 
21462 -15767.8 17555.5 538.65 2320 -2011 
22050 -15947 18047.7 538.65 2320 -2062 
22050 -16126.2 18704 538.65 2320 -2062 
21462 -16305.4 18047.7 538.65 2320 -2062 
20874 -15767.8 17883.6 538.65 2320 -2062 
20874 -15409.5 18211.8 538.65 2320 -2011 
21315 -15588.7 17883.6 538.65 2240 -2063 
21462 -16305.4 17883.6 538.65 2320 -2062 
21168 -16842.9 18539.9 538.65 2320 -2011 
20874 -17201.3 18539.9 615.6 2320 -2011 
20286 -17201.3 17883.6 615.6 2320 -2062 
19992 -17201.3 18211.8 615.6 2240 -2063 
19992 -17559.6 19032.1 615.6 2240 -2063 
20139 -17380.5 18868 538.65 2320 -2062 
19992 -17022.1 19688.4 538.65 2320 -2062 
19257 -15947 20508.8 538.65 2320 -2062 
18522 -14692.8 20344.7 538.65 2320 -2062 
18081 -14513.6 20016.5 538.65 2320 -2062 
18228 -14334.4 20836.9 538.65 2320 -2062 
18816 -13976 22149.5 538.65 2240 -2063 
19404 -13259.3 22641.7 615.6 2240 -2063 
19257 -12363.4 23462 538.65 2320 -2062 
18816 -11825.9 24118.3 615.6 2320 -2062 
18228 -11825.9 23954.2 538.65 2320 -2011 
17787 -12005.1 23297.9 538.65 2320 -2062 
17934 -11825.9 23626.1 538.65 2240 -2063 
18228 -11288.3 24938.6 538.65 2240 -2063 
18375 -11109.2 26251.2 538.65 2320 -2011 
18228 -11109.2 26743.4 538.65 2320 -2011 
17346 -11109.2 27399.7 538.65 2320 -2062 
16464 -10750.8 27563.8 615.6 2320 -2062 
15729 -10213.3 27235.6 538.65 2320 -2062 
15435 -10034.1 26415.3 538.65 2320 -2062 
15876 -10392.4 26251.2 538.65 2320 -2062 
16317 -10750.8 26743.4 615.6 2320 -2011 
16170 -10930 27071.5 538.65 2240 -2012 
15876 -10392.4 26579.3 538.65 2320 -2011 
15435 -10034.1 26579.3 538.65 2240 -2063 
15288 -9854.9 26907.5 538.65 2320 -2062 
15435 -10034.1 27563.8 538.65 2320 -2062 
15435 -10034.1 27071.5 538.65 2320 -2062 
15876 -9496.54 26579.3 538.65 2320 -2062 
16317 -8600.64 27727.8 538.65 2320 -2062 
16023 -8242.28 29860.7 615.6 2320 -2062 
15582 -8063.1 31501.4 615.6 2320 -2062 
14847 -8063.1 31665.5 538.65 2320 -2011 
14406 -7525.56 31829.6 538.65 2320 -2011 
13818 -6808.84 31993.6 615.6 2320 -2011 
13671 -6450.48 32321.8 538.65 2320 -2062 
14112 -6450.48 32814 615.6 2320 -2011 
14112 -6988.02 32649.9 538.65 2320 -2011 
13965 -7525.56 32649.9 538.65 2240 -2063 
13818 -7346.38 32814 538.65 2240 -2063 
13083 -7346.38 33142.1 538.65 2320 -2062 
12495 -7525.56 32978.1 538.65 2320 -2062 
12495 -7883.92 32321.8 538.65 2320 -2062 
12495 -8063.1 31501.4 538.65 2320 -2011 
12495 -8063.1 31501.4 538.65 2320 -2062 
12789 -7346.38 31829.6 538.65 2320 -2062 
12789 -7167.2 32485.9 538.65 2320 -2062 
13083 -6988.02 33142.1 615.6 2320 -2062 
13083 -6808.84 32978.1 538.65 2320 -2062 
12789 -6271.3 32814 538.65 2320 -2062 
12495 -5554.58 33306.2 538.65 2320 -2011 
11760 -5017.04 33798.4 538.65 2320 -2011 
11613 -4837.86 34618.8 538.65 2320 -2011 
10731 -5017.04 35603.2 538.65 2320 -2062 
10731 -5196.22 36259.5 538.65 2320 -2011 
10584 -5017.04 36259.5 538.65 2320 -2062 
11466 -4658.68 36095.4 538.65 2320 -2062 
11760 -4479.5 36259.5 538.65 2320 -2011 
12201 -4658.68 36259.5 538.65 2320 -2011 
11907 -5017.04 36259.5 615.6 2320 -2011 
11760 -5375.4 36423.5 538.65 2320 -2062 
10878 -5196.22 36915.8 615.6 2320 -2011 
10290 -5196.22 37243.9 615.6 2320 -2011 
9996 -4837.86 37079.8 615.6 2320 -2011 
9996 -5017.04 36915.8 538.65 2320 -2011 
9555 -5017.04 36587.6 538.65 2320 -2011 
9702 -4837.86 36423.5 615.6 2320 -2011 
9849 -4121.14 36423.5 615.6 2320 -2011 
9555 -3404.42 37079.8 615.6 2240 -2012 
10290 -2866.88 37900.2 615.6 2320 -2011 
10143 -2687.7 39376.8 615.6 2320 -2062 
10731 -2687.7 39869 615.6 2240 -2063 
10731 -2329.34 40197.2 538.65 2320 -2011 
10143 -1612.62 39704.9 538.65 2320 -2011 
10290 -895.9 39540.9 615.6 2320 -2011 
9408 -537.54 39048.7 615.6 2240 -2012 
8673 -716.72 39212.7 615.6 2240 -2012 
8526 -1433.44 39376.8 615.6 2240 -2012 
8232 -1970.98 39704.9 615.6 2240 -2012 
7497 -2150.16 40033.1 615.6 2240 -2012 
7497 -1970.98 40361.2 615.6 2240 -2012 
7644 -1791.8 40361.2 615.6 2320 -2011 
7203 -1970.98 41181.6 615.6 2240 -1961 
7203 -2508.52 41509.7 692.55 2240 -1961 
7938 -2866.88 41345.6 615.6 2240 -1961 
8085 -2866.88 41181.6 615.6 2240 -1961 
7791 -2508.52 40689.4 615.6 2240 -1961 
8085 -1970.98 41017.5 615.6 2320 -2011 
8820 -1254.26 40853.4 538.65 2240 -2012 
9114 -895.9 41017.5 538.65 2320 -2011 
8820 -895.9 40853.4 538.65 2240 -2012 
8820 -537.54 40853.4 615.6 2240 -2012 
9702 0 40853.4 615.6 2320 -2011 
10290 358.36 41837.8 615.6 2320 -2011 
9849 1075.08 42494.1 615.6 2320 -2011 
9114 1612.62 42986.3 615.6 2320 -1960 
8526 1612.62 43642.6 615.6 2320 -2011 
8526 1254.26 44134.8 615.6 2320 -2011 
8967 1254.26 44298.9 538.65 2320 -2011 
9261 1075.08 44298.9 615.6 2320 -2011 
8673 1075.08 44134.8 615.6 2320 -2062 
7938 1254.26 44134.8 538.65 2320 -2062 
7203 1612.62 44463 538.65 2320 -2011 
6615 1612.62 44791.1 538.65 2320 -2062 
6468 1075.08 45119.2 538.65 2320 -2062 
6762 537.54 45283.3 538.65 2320 -2062 
6909 179.18 45939.6 538.65 2320 -2062 
7056 0 46267.7 538.65 2320 -2011 
7056 0 46431.8 538.65 2320 -2062 
7056 179.18 46924 538.65 2320 -2062 
6615 716.72 47416.2 538.65 2320 -2062 
6027 1254.26 47416.2 615.6 2320 -2011 
5439 1612.62 47744.4 615.6 2320 -2011 
5145 1791.8 47744.4 615.6 2320 -2011 
4704 1970.98 48072.5 538.65 2320 -2011 
4557 1970.98 48236.6 538.65 2320 -2011 
4704 2329.34 48892.9 538.65 2320 -2011 
4851 2687.7 49713.2 615.6 2320 -2011 
5145 3225.24 51682 538.65 2320 -2011 
5145 3941.96 54635.3 538.65 2400 -2010 
5145 4300.32 57588.6 615.6 2320 -2062 
4851 4300.32 59885.5 538.65 2320 -2062 
4116 3762.78 62182.5 538.65 2400 -2061 
2940 3225.24 63987.3 538.65 2400 -2061 
1470 3046.06 65299.9 538.65 2400 -2061 
-882 2687.7 65956.1 538.65 2400 -2061 
-4851 2687.7 66284.3 538.65 2320 -2062 
-8820 3225.24 66612.4 538.65 2320 -2062 
-11172 3762.78 67104.6 538.65 2320 -2062 
-13671 4837.86 67596.8 538.65 2400 -2061 
-15141 4837.86 68417.2 538.65 2320 -2062 
-16317 5733.76 68745.3 538.65 2320 -2062 
-17052 5554.58 69237.5 538.65 2320 -2062 
-17787 6092.12 69565.7 538.65 2320 -2062 
-18228 5554.58 69565.7 538.65 2320 -2062 
-18522 5912.94 69401.6 538.65 2400 -2061 
-18228 5733.76 69073.5 538.65 2400 -2061 
-18081 6092.12 68909.4 538.65 2400 -2061 
-17640 5733.76 69237.5 538.65 2400 -2061 
-17493 6092.12 69565.7 538.65 2400 -2061 
-17052 5733.76 69401.6 538.65 2400 -2010 
-16758 6450.48 68909.4 538.65 2320 -2011 
-16905 6092.12 68089.1 615.6 2320 -2011 
-16905 6450.48 67432.8 538.65 2320 -2062 
-17052 5912.94 66940.6 538.65 2320 -2011 
-17052 5733.76 67104.6 538.65 2320 -2062 
-16758 5554.58 67432.8 538.65 2320 -2011 
-16317 5017.04 67432.8 538.65 2320 -2062 
-15435 5554.58 67268.7 538.65 2320 -2062 
-14553 4837.86 66940.6 538.65 2400 -2061 
-13965 5375.4 66940.6 615.6 2320 -2011 
-13524 5375.4 66776.5 615.6 2320 -2062 
-13671 5375.4 66940.6 538.65 2320 -2062 
-14112 6271.3 66612.4 538.65 2400 -2061 
-14847 5912.94 66448.3 538.65 2400 -2061 
-15141 6450.48 66448.3 538.65 2400 -2061 
-15288 6988.02 66612.4 538.65 2320 -2062 
-14994 6629.66 67104.6 538.65 2320 -2011 
-14406 6808.84 67268.7 538.65 2400 -2010 
-13818 6808.84 67596.8 615.6 2320 -2011 
-13377 5912.94 67760.9 538.65 2320 -2011 
-13524 5912.94 68253.1 538.65 2320 -2062 
-14112 5912.94 68745.3 538.65 2320 -2011 
-14406 5375.4 69401.6 615.6 2320 -2011 
-14553 5375.4 69729.8 538.65 2320 -2011 
-14406 5733.76 69893.8 615.6 2320 -2011 
-13818 5375.4 69893.8 615.6 2320 -2011 
-12789 5017.04 69893.8 615.6 2320 -2011 
-11907 5912.94 70057.9 615.6 2320 -2011 
-12054 6271.3 70057.9 615.6 2320 -2011 
-12495 5733.76 69893.8 538.65 2320 -2062 
-13230 5912.94 69729.8 538.65 2400 -2061 
-13671 6450.48 69729.8 538.65 2400 -2010 
-13818 6808.84 69565.7 538.65 2400 -2061 
-13671 6450.48 68909.4 615.6 2400 -2010 
-13083 6092.12 68417.2 615.6 2320 -2011 
-12642 6988.02 67432.8 615.6 2320 -2011 
-12789 7525.56 66940.6 538.65 2320 -2011 
-13524 7167.2 66612.4 538.65 2320 -2011 
-14112 6808.84 66284.3 538.65 2320 -2011 
-14700 6988.02 65956.1 538.65 2320 -2062 
-15141 7883.92 65956.1 538.65 2320 -2011 
-15141 8063.1 65628 615.6 2320 -2062 
-14847 7525.56 65299.9 615.6 2400 -2061 
-14259 6988.02 64971.7 538.65 2400 -2061 
-14112 6808.84 65135.8 615.6 2320 -2011 
-13965 7346.38 65135.8 538.65 2320 -2011 
-14259 7883.92 65135.8 538.65 2320 -2011 
-14994 7525.56 64971.7 538.65 2320 -2011 
-15288 6988.02 64971.7 538.65 2320 -2011 
-15435 6092.12 65299.9 615.6 2320 -2011 
-14994 5733.76 65628 615.6 2400 -2010 
-14259 5733.76 65792.1 615.6 2400 -2010 
-13524 6271.3 65956.1 615.6 2320 -2011 
-12789 6629.66 66120.2 538.65 2320 -2062 
-12348 6271.3 66120.2 538.65 2400 -2010 
-12201 5554.58 65956.1 538.65 2400 -2010 
-12348 5017.04 66120.2 615.6 2400 -2010 
-12789 4479.5 66448.3 615.6 2320 -2011 
-13230 4479.5 66776.5 615.6 2320 -2011 
-13671 4837.86 66940.6 615.6 2400 -2061 
-13818 5912.94 66940.6 615.6 2400 -2061 
-13230 6629.66 67268.7 615.6 2400 -2061 
-12642 6988.02 67268.7 615.6 2320 -2011 
-12054 7346.38 67268.7 615.6 2320 -2011 
-11319 6988.02 67104.6 615.6 2320 -2062 
-10731 6629.66 67268.7 538.65 2400 -2010 
-10437 6271.3 67432.8 538.65 2400 -2010 
-10437 5733.76 67925 538.65 2400 -2061 
-10584 5554.58 67925 538.65 2400 -2061 
-10878 5375.4 67596.8 615.6 2320 -2062 
-11172 5733.76 67104.6 615.6 2400 -2010 
-11613 5912.94 66612.4 538.65 2400 -2010 
-11760 6450.48 65956.1 615.6 2320 -2011 
-11907 7167.2 65463.9 615.6 2400 -2010 
-11613 7525.56 64971.7 615.6 2320 -2062 
-11466 7883.92 65135.8 615.6 2400 -2010 
-11172 8242.28 65135.8 615.6 2400 -2010 
-10878 8421.46 64807.6 615.6 2400 -2010 
-10437 8779.82 65135.8 538.65 2400 -2061 
-9702 8779.82 65299.9 538.65 2400 -2010 
-8967 8779.82 65299.9 538.65 2400 -2010 
-8526 8600.64 65463.9 538.65 2400 -2010 
-8379 8421.46 65628 615.6 2320 -2011 
-7938 8421.46 65792.1 538.65 2400 -2010 
-7791 8063.1 65956.1 538.65 2320 -2011 
-7644 7704.74 65792.1 615.6 2320 -2011 
-7644 7346.38 65628 615.6 2320 -2062 
-7644 6988.02 65463.9 615.6 2320 -2062 
-7938 6629.66 65463.9 615.6 2320 -2011 
-7791 6271.3 65299.9 615.6 2400 -2061 
-8085 5912.94 65135.8 615.6 2400 -2061 
-8232 5554.58 64643.6 615.6 2400 -2010 
-8379 5196.22 64479.5 615.6 2400 -2010 
-8820 4837.86 64151.4 615.6 2400 -2010 
-8967 4837.86 64151.4 538.65 2320 -2011 
-9114 4479.5 64151.4 538.65 2320 -2011 
-9408 4479.5 64315.4 615.6 2400 -2010 
-9702 4479.5 64315.4 538.65 2400 -2010 
-9702 4479.5 64479.5 538.65 2400 -2010 
-9849 4479.5 64807.6 615.6 2400 -2010 
-9996 4479.5 65299.9 615.6 2400 -2010 
-10437 4658.68 65463.9 615.6 2400 -2010 
-10290 4658.68 65628 615.6 2400 -2010 
-10437 4658.68 65956.1 538.65 2400 -2061 
-10584 4837.86 66284.3 538.65 2400 -2061 
-10437 4837.86 66284.3 538.65 2400 -2010 
-10437 4658.68 66284.3 538.65 2400 -2061 
-10584 4658.68 66284.3 615.6 2400 -2010 
-10731 4658.68 66284.3 615.6 2400 -2010 
-10584 4658.68 66284.3 538.65 2400 -2010 
