2646 7525.56 59229.3 2924.1 3440 -4496 
2646 7525.56 59229.3 2924.1 3440 -4445 
2646 7525.56 59229.3 2924.1 3440 -4496 
24696 31894 65299.9 3078 3600 -4545 
26460 22397.5 65628 3154.95 3600 -4494 
14847 27235.4 71042.3 3001.05 3600 -4494 
19551 35119.3 76784.8 3078 3680 -4544 
30282 40853 82035 3078 3760 -4543 
39102 46407.6 85808.6 3154.95 3680 -4544 
45276 52320.6 89418.1 3154.95 3680 -4442 
49392 57337.6 93027.7 3154.95 3680 -4442 
52332 60742 96145 3154.95 3760 -4441 
54978 65400.7 99098.3 3078 3680 -4442 
57330 69701 101559 3078 3680 -4391 
58065 72030.4 104020 3001.05 3680 -4340 
57771 74718.1 106646 3001.05 3680 -4340 
57918 75076.4 108450 3001.05 3680 -4289 
57918 75076.4 109271 2924.1 3680 -4340 
57918 74359.7 108778 2924.1 3680 -4289 
57477 72747.1 105661 2924.1 3680 -4289 
57771 70955.3 102380 2924.1 3680 -4289 
57036 68984.3 99590.5 2924.1 3600 -4290 
55566 66475.8 96965.4 2924.1 3600 -4290 
55125 63608.9 95652.8 2924.1 3680 -4238 
53655 62175.5 95324.7 2924.1 3680 -4187 
51744 61996.3 95652.8 2924.1 3680 -4238 
50715 62892.2 96145 2924.1 3680 -4238 
50421 63967.3 96965.4 2924.1 3680 -4238 
50715 65042.3 97949.8 2924.1 3680 -4238 
52038 66117.4 99098.3 2847.15 3680 -4187 
53508 67730 100739 2924.1 3760 -4186 
54243 69342.7 102708 2924.1 3760 -4186 
54978 70417.7 104184 2924.1 3680 -4187 
55419 69701 103856 2924.1 3760 -4135 
56595 68625.9 102380 2924.1 3760 -4135 
57477 67730 100575 2924.1 3760 -4135 
58506 66296.6 99754.6 2924.1 3760 -4135 
58212 64863.2 99098.3 2924.1 3760 -4135 
57036 63071.4 97621.6 2924.1 3760 -4135 
56007 61100.4 96637.2 2924.1 3760 -4084 
55419 60562.8 95652.8 2924.1 3840 -4134 
54390 60383.7 95160.6 2924.1 3840 -4083 
53067 60025.3 93848 2924.1 3840 -4083 
51009 60025.3 92863.6 2847.15 3760 -4084 
49539 60562.8 93684 2847.15 3840 -4083 
49098 61100.4 96473.2 2847.15 3840 -4032 
48951 61279.6 97621.6 2924.1 3840 -4032 
48657 61996.3 97621.6 2924.1 3840 -4032 
48657 62533.8 97785.7 2924.1 3840 -4032 
50127 61996.3 98277.9 2924.1 3840 -4032 
51156 61637.9 96965.4 2924.1 3840 -4032 
51450 61458.7 95324.7 2924.1 3840 -4032 
51744 60562.8 95160.6 2924.1 3920 -4031 
53361 59487.8 94504.3 2924.1 3920 -3980 
54390 59308.6 93191.8 2924.1 3920 -3980 
54243 58591.9 93027.7 2847.15 3920 -3980 
54243 57875.1 92699.6 2924.1 3920 -3980 
54684 57875.1 91551.1 2847.15 3920 -3980 
53361 57696 91715.1 2924.1 3920 -3929 
51744 57875.1 92699.6 2924.1 3920 -3929 
50862 58233.5 93027.7 2924.1 3920 -3929 
49686 57337.6 94340.2 2924.1 3920 -3929 
47922 57337.6 95652.8 2847.15 4000 -3928 
46893 57516.8 94504.3 2924.1 3920 -3929 
46158 57337.6 94340.2 2924.1 4000 -3928 
44835 58054.3 94176.2 2847.15 4000 -3877 
44394 57516.8 93848 2847.15 3920 -3878 
44835 56620.9 94996.5 2924.1 4000 -3877 
44688 55904.2 94832.5 2847.15 4000 -3877 
44541 54649.9 92699.6 2847.15 3920 -3878 
45276 53574.8 91715.1 2847.15 4000 -3826 
45276 51783 89090 2847.15 4000 -3826 
46011 49812 87941.5 2847.15 4000 -3826 
47334 48020.2 87941.5 2924.1 4000 -3826 
47628 46228.4 86136.8 2847.15 4000 -3826 
47922 46049.3 84660.1 2847.15 4000 -3826 
47481 45153.4 82199.1 2847.15 4000 -3826 
45864 45332.5 80394.3 2847.15 4000 -3826 
45276 45332.5 81214.6 2924.1 4000 -3775 
45129 45511.7 81542.8 2924.1 4080 -3774 
43953 45332.5 83675.7 2847.15 4080 -3774 
43071 45332.5 84988.3 2924.1 4080 -3774 
41454 46228.4 85316.4 2847.15 4080 -3774 
39543 46228.4 85972.7 2847.15 4080 -3774 
38955 47303.5 85644.5 2847.15 4080 -3774 
38220 46945.2 86300.8 2924.1 4080 -3723 
38367 46049.3 85152.3 2847.15 4080 -3723 
38661 44615.8 83511.6 2847.15 4080 -3723 
38073 43361.6 82035 2847.15 4080 -3723 
38367 41390.6 78917.7 2847.15 4080 -3723 
38661 39240.4 78097.3 2847.15 4080 -3723 
38808 37448.6 76128.5 2847.15 4080 -3672 
39837 35119.3 75636.3 2847.15 4080 -3672 
40131 33865 74815.9 2847.15 4080 -3723 
40278 32431.6 72518.9 2847.15 4080 -3672 
39837 31356.5 70550.1 2847.15 4080 -3672 
38367 30639.8 67104.6 2847.15 4160 -3671 
37632 30281.4 65956.1 2847.15 4160 -3671 
37044 28848 65135.8 2847.15 4160 -3671 
36603 27952.1 65956.1 2847.15 4160 -3620 
36897 26877 67268.7 2847.15 4160 -3620 
36162 27235.4 68089.1 2847.15 4160 -3620 
34986 27593.7 69073.5 2847.15 4160 -3620 
33663 28131.3 68745.3 2847.15 4160 -3569 
32193 28848 69401.6 2847.15 4160 -3620 
32487 29206.3 68417.2 2847.15 4160 -3569 
32634 29385.5 68253.1 2847.15 4160 -3569 
33222 28848 68417.2 2847.15 4160 -3518 
33516 28489.6 67925 2847.15 4160 -3569 
32487 27414.5 68253.1 2847.15 4160 -3569 
32193 26877 66448.3 2847.15 4160 -3569 
32340 25622.7 65956.1 2847.15 4240 -3517 
32487 24368.5 64151.4 2847.15 4160 -3518 
33222 23114.2 62510.7 2847.15 4160 -3467 
33222 22218.3 60705.9 2847.15 4240 -3517 
32781 20247.3 57424.5 2847.15 4240 -3517 
32340 18276.4 56111.9 2847.15 4240 -3517 
31164 15947 53650.9 2847.15 4240 -3517 
30723 13438.5 52830.5 2847.15 4240 -3466 
29841 11467.5 51353.9 2847.15 4240 -3466 
29400 9675.72 49877.3 2847.15 4240 -3517 
29841 8421.46 48400.7 2847.15 4240 -3466 
29106 7525.56 46103.7 2770.2 4240 -3466 
28371 7346.38 45939.6 2770.2 4240 -3466 
27636 6450.48 45283.3 2847.15 4240 -3415 
26460 6092.12 45447.4 2847.15 4240 -3415 
26460 5375.4 45939.6 2847.15 4240 -3415 
26313 5375.4 45775.5 2847.15 4320 -3414 
26019 6092.12 46924 2847.15 4240 -3415 
26313 6092.12 46759.9 2847.15 4240 -3364 
25872 6092.12 46595.9 2847.15 4240 -3364 
24990 5912.94 46103.7 2847.15 4240 -3364 
25284 6092.12 44955.2 2847.15 4240 -3364 
25137 5196.22 44627 2847.15 4240 -3364 
24990 4121.14 43150.4 2847.15 4240 -3364 
25284 2866.88 41345.6 2847.15 4240 -3364 
24549 1433.44 40525.3 2847.15 4240 -3364 
23520 716.72 38228.3 2847.15 4240 -3313 
23373 -537.54 37243.9 2847.15 4320 -3363 
22491 -1970.98 36423.5 2770.2 4320 -3312 
21756 -3583.6 34782.8 2770.2 4240 -3313 
21903 -5017.04 33798.4 2770.2 4240 -3313 
21315 -5912.94 31501.4 2770.2 4320 -3312 
20433 -7883.92 28876.3 2770.2 4240 -3313 
20286 -9317.36 28384.1 2847.15 4240 -3262 
19992 -10034.1 26907.5 2770.2 4320 -3261 
19551 -10930 25923.1 2770.2 4320 -3261 
19551 -10750.8 26907.5 2770.2 4320 -3261 
19698 -10213.3 27235.6 2770.2 4320 -3261 
18522 -9854.9 27563.8 2770.2 4320 -3261 
17640 -9138.18 29696.7 2770.2 4320 -3261 
17493 -8421.46 30188.9 2770.2 4320 -3210 
16758 -7883.92 29532.6 2770.2 4320 -3210 
16023 -7346.38 30188.9 2770.2 4320 -3210 
16023 -8242.28 29696.7 2770.2 4320 -3210 
16170 -9854.9 27891.9 2770.2 4320 -3210 
15288 -10930 27235.6 2770.2 4320 -3210 
14406 -12901 26251.2 2770.2 4320 -3159 
14259 -15409.5 23297.9 2770.2 4320 -3159 
14112 -16842.9 20672.8 2770.2 4320 -3159 
13671 -18455.5 19524.3 2770.2 4320 -3159 
13377 -20426.5 17391.4 2770.2 4320 -3159 
13671 -21860 13781.9 2770.2 4320 -3159 
13377 -22755.9 11320.8 2770.2 4320 -3108 
12348 -24189.3 10664.5 2770.2 4320 -3108 
11760 -25622.7 10172.3 2770.2 4320 -3108 
11613 -26339.5 8859.78 2770.2 4320 -3108 
11613 -27056.2 7875.36 2770.2 4320 -3108 
10878 -27772.9 8367.57 2770.2 4320 -3108 
9849 -28131.3 8531.64 2770.2 4320 -3108 
8967 -27593.7 8367.57 2693.25 4320 -3108 
8820 -27056.2 8203.5 2693.25 4320 -3108 
8967 -27235.4 9516.06 2770.2 4320 -3057 
8232 -26697.8 11484.9 2770.2 4320 -3057 
7056 -25981.1 11813 2693.25 4320 -3108 
6174 -25264.4 11320.8 2693.25 4400 -3056 
5586 -24906 10172.3 2693.25 4400 -3056 
5733 -25622.7 9844.2 2693.25 4400 -3056 
5880 -26339.5 10008.3 2770.2 4320 -3057 
5733 -27414.5 9351.99 2693.25 4400 -3056 
5586 -28310.4 8039.43 2693.25 4400 -3005 
4704 -29385.5 5906.52 2770.2 4400 -3005 
4263 -30998.1 3117.33 2693.25 4400 -3005 
4263 -32789.9 984.42 2770.2 4400 -3005 
4263 -34402.6 -164.07 2693.25 4400 -3005 
4557 -35656.8 -656.28 2693.25 4400 -3005 
4704 -36373.5 -1476.63 2693.25 4400 -3005 
4263 -36731.9 -2132.91 2693.25 4400 -2954 
3675 -37627.8 -2789.19 2693.25 4320 -2955 
2793 -37627.8 -3937.68 2616.3 4320 -2955 
1764 -37448.6 -4922.1 2616.3 4320 -2904 
588 -37807 -5250.24 2539.35 4320 -2853 
-147 -36911.1 -5086.17 2539.35 4240 -2854 
-1323 -37269.4 -4265.82 2539.35 4240 -2854 
-2205 -36552.7 -3117.33 2539.35 4240 -2803 
-3087 -36731.9 -1804.77 2539.35 4240 -2803 
-3381 -37090.3 -1148.49 2539.35 4240 -2752 
-3087 -36552.7 -820.35 2462.4 4240 -2752 
-2646 -36911.1 -984.42 2539.35 4240 -2752 
-2205 -38344.5 -1476.63 2539.35 4240 -2752 
-2058 -39240.4 -2625.12 2539.35 4240 -2752 
-2058 -40136.3 -4101.75 2539.35 4240 -2752 
-2058 -40494.7 -5578.38 2539.35 4240 -2752 
-2205 -41211.4 -7219.08 2539.35 4320 -2751 
-5733 -45332.5 -9844.2 2616.3 4400 -2801 
-13671 -50170.4 -13781.9 2693.25 4480 -2902 
-21168 -54470.7 -16899.2 2693.25 4560 -2952 
-27195 -57875.1 -20016.5 2770.2 4640 -2951 
-32340 -61100.4 -22477.6 2847.15 4640 -2951 
-36750 -63788.1 -24282.4 2847.15 4640 -2951 
-38808 -65042.3 -25594.9 2847.15 4560 -3003 
-40278 -66475.8 -26579.3 2924.1 4640 -3002 
-42042 -68267.6 -28056 2847.15 4560 -2952 
-44247 -68625.9 -30024.8 2847.15 4560 -2952 
-45129 -70596.9 -31665.5 2847.15 4560 -2901 
-46893 -71134.5 -33470.3 2770.2 4560 -2901 
-47922 -72747.1 -35275 2770.2 4560 -2850 
-48510 -72567.9 -37079.8 2693.25 4560 -2850 
-49098 -72926.3 -38228.3 2693.25 4480 -2851 
-49539 -73284.6 -38884.6 2616.3 4560 -2799 
-49245 -73284.6 -38392.4 2693.25 4480 -2800 
-48951 -74359.7 -37572 2616.3 4480 -2749 
-48069 -75972.3 -37243.9 2616.3 4480 -2749 
-47628 -76689 -36915.8 2616.3 4480 -2749 
-47628 -77226.6 -37572 2616.3 4480 -2698 
-48069 -76689 -38392.4 2616.3 4480 -2698 
-48069 -76151.5 -38392.4 2616.3 4480 -2749 
-48216 -75614 -37572 2616.3 4480 -2749 
-48216 -75793.1 -36423.5 2616.3 4480 -2698 
-47628 -75972.3 -35603.2 2616.3 4480 -2749 
-47187 -76151.5 -35931.3 2616.3 4480 -2698 
-47334 -75255.6 -36915.8 2616.3 4480 -2698 
-47775 -74359.7 -37243.9 2539.35 4480 -2698 
-48069 -74359.7 -36587.6 2616.3 4480 -2698 
-48363 -74897.2 -35931.3 2616.3 4480 -2647 
-48216 -74359.7 -35931.3 2616.3 4480 -2647 
-47922 -73284.6 -37079.8 2539.35 4480 -2647 
-47922 -73284.6 -37079.8 2539.35 4480 -2596 
-48510 -72926.3 -35767.3 2539.35 4480 -2647 
-48363 -73105.4 -34454.7 2539.35 4560 -2646 
-47922 -71851.2 -34126.6 2539.35 4560 -2646 
-47628 -71313.6 -34126.6 2539.35 4560 -2646 
-47481 -70955.3 -33142.1 2539.35 4480 -2596 
-47334 -70776.1 -32157.7 2616.3 4560 -2646 
-47334 -70238.6 -32157.7 2539.35 4480 -2596 
-46599 -69880.2 -32321.8 2539.35 4480 -2596 
-46746 -69880.2 -31173.3 2539.35 4480 -2596 
-47187 -69342.7 -30024.8 2539.35 4560 -2595 
-47334 -68805.1 -30517 2539.35 4560 -2595 
-47187 -68805.1 -30845.2 2539.35 4560 -2595 
-46893 -68088.4 -30188.9 2539.35 4560 -2595 
-47187 -67192.5 -30024.8 2539.35 4560 -2544 
-47334 -67192.5 -30845.2 2539.35 4560 -2544 
-46599 -66655 -30188.9 2539.35 4560 -2544 
-46452 -65400.7 -29204.5 2539.35 4560 -2544 
-46893 -65221.5 -29532.6 2539.35 4560 -2544 
-46893 -64504.8 -28876.3 2539.35 4560 -2544 
-46452 -63429.7 -27235.6 2539.35 4560 -2544 
-46599 -63071.4 -27563.8 2539.35 4560 -2544 
-47040 -62175.5 -27071.5 2539.35 4560 -2544 
-46746 -61100.4 -25266.8 2539.35 4560 -2544 
-46746 -60921.2 -24938.6 2539.35 4560 -2493 
-47040 -59846.1 -23954.2 2539.35 4560 -2544 
-46746 -59129.4 -22641.7 2539.35 4560 -2493 
-46305 -58412.7 -22313.5 2539.35 4560 -2544 
-46305 -56441.7 -21329.1 2462.4 4560 -2493 
-46158 -55366.6 -19524.3 2539.35 4560 -2493 
-45864 -54470.7 -18868 2462.4 4560 -2493 
-45717 -53754 -17227.3 2539.35 4560 -2493 
-45570 -53754 -16242.9 2539.35 4560 -2493 
-45276 -52678.9 -17063.3 2462.4 4560 -2493 
-45423 -52858.1 -17227.3 2462.4 4560 -2493 
-44982 -52499.7 -18211.8 2462.4 4560 -2493 
-44394 -52678.9 -18868 2462.4 4560 -2442 
-44100 -53037.3 -18704 2462.4 4560 -2442 
-43659 -52858.1 -19524.3 2539.35 4560 -2442 
-43218 -53037.3 -19032.1 2462.4 4560 -2442 
-43512 -52141.4 -19032.1 2462.4 4640 -2390 
-43806 -51783 -19196.2 2462.4 4640 -2441 
-43365 -50528.8 -18047.7 2462.4 4640 -2390 
-43218 -49453.7 -18047.7 2462.4 4560 -2442 
-42630 -48557.8 -16078.9 2462.4 4640 -2390 
-42189 -47303.5 -13781.9 2462.4 4560 -2391 
-42630 -46228.4 -12141.2 2462.4 4560 -2391 
-42630 -44078.3 -10500.5 2462.4 4560 -2391 
-43071 -43003.2 -10336.4 2462.4 4640 -2390 
-43218 -41390.6 -9023.85 2462.4 4640 -2339 
-42336 -40853 -8039.43 2462.4 4560 -2340 
-41895 -39598.8 -6562.8 2462.4 4640 -2390 
-41013 -38702.9 -4758.03 2462.4 4560 -2391 
-40866 -37807 -4101.75 2462.4 4640 -2390 
-41307 -36552.7 -2953.26 2462.4 4640 -2339 
-40866 -35836 -3773.61 2462.4 4640 -2339 
-40719 -34940.1 -3937.68 2462.4 4640 -2339 
-39837 -35298.5 -4265.82 2462.4 4640 -2339 
-38661 -35119.3 -4593.96 2462.4 4640 -2339 
-38073 -35477.6 -3937.68 2462.4 4640 -2339 
-37779 -34940.1 -4265.82 2385.45 4640 -2339 
-37779 -34940.1 -3117.33 2462.4 4640 -2339 
-38073 -34223.4 -2625.12 2462.4 4720 -2338 
-37779 -33865 -1476.63 2385.45 4640 -2288 
-37632 -32610.8 -984.42 2462.4 4640 -2288 
-37485 -30998.1 -0 2462.4 4640 -2288 
-37485 -29206.3 2132.91 2462.4 4640 -2288 
-37485 -27235.4 3609.54 2462.4 4720 -2287 
-37338 -25085.2 6562.8 2462.4 4640 -2288 
-37779 -22755.9 7711.29 2462.4 4640 -2288 
-37926 -21143.2 9844.2 2462.4 4640 -2288 
-37485 -19172.3 11813 2385.45 4640 -2288 
-37044 -18097.2 13617.8 2462.4 4640 -2288 
-36015 -16842.9 14766.3 2462.4 4640 -2288 
-34986 -16663.7 14274.1 2462.4 4640 -2288 
-34251 -16305.4 14110 2462.4 4640 -2288 
-33222 -16663.7 12469.3 2462.4 4640 -2288 
-32487 -16663.7 11813 2462.4 4640 -2237 
-31164 -17738.8 11649 2385.45 4640 -2237 
-30576 -18276.4 11320.8 2385.45 4640 -2237 
-30429 -18993.1 11977.1 2462.4 4640 -2237 
-29547 -19351.4 11320.8 2385.45 4640 -2237 
-29400 -19530.6 11484.9 2385.45 4640 -2237 
-29547 -19530.6 10336.4 2462.4 4640 -2186 
-29400 -19172.3 10172.3 2462.4 4640 -2237 
-29988 -18813.9 11484.9 2385.45 4640 -2186 
-30576 -17380.5 12633.4 2462.4 4720 -2185 
-31164 -16305.4 14766.3 2462.4 4720 -2185 
-31605 -14155.2 15586.6 2385.45 4720 -2185 
-31164 -12542.6 17883.6 2462.4 4720 -2185 
-30723 -10034.1 20672.8 2385.45 4720 -2185 
-30429 -7525.56 22805.7 2385.45 4720 -2185 
-29106 -5017.04 26579.3 2385.45 4720 -2185 
-28224 -2687.7 28384.1 2385.45 4720 -2185 
-27342 -537.54 30188.9 2462.4 4720 -2185 
-25872 1075.08 31501.4 2462.4 4720 -2185 
-24549 1970.98 31501.4 2385.45 4720 -2134 
-23079 2508.52 31993.6 2385.45 4720 -2134 
-21315 2329.34 31337.4 2385.45 4720 -2134 
-20139 1254.26 30681.1 2385.45 4720 -2134 
-19257 0 31337.4 2385.45 4720 -2134 
-18375 -1433.44 30352.9 2385.45 4720 -2134 
-18522 -3046.06 29696.7 2385.45 4720 -2134 
-19404 -4300.32 28384.1 2385.45 4720 -2134 
-19698 -5196.22 25594.9 2385.45 4720 -2134 
-20433 -5375.4 25266.8 2385.45 4720 -2134 
-21021 -5554.58 25759 2385.45 4720 -2134 
-20727 -5196.22 26907.5 2385.45 4800 -2133 
-20874 -3762.78 29204.5 2385.45 4800 -2133 
-21315 -2150.16 30517 2385.45 4720 -2134 
-21021 716.72 31173.3 2385.45 4720 -2134 
-20286 3404.42 33962.5 2385.45 4720 -2134 
-19257 5554.58 36915.8 2385.45 4800 -2082 
-17493 8242.28 39540.9 2385.45 4800 -2082 
-15288 10034.1 42822.3 2462.4 4720 -2083 
-13671 11825.9 44298.9 2385.45 4720 -2083 
-12348 13259.3 43806.7 2385.45 4720 -2083 
-10878 13438.5 43970.8 2385.45 4720 -2083 
-9555 13080.1 44627 2385.45 4720 -2083 
-8673 12721.8 43478.5 2385.45 4800 -2082 
-7497 11288.3 42658.2 2385.45 4720 -2083 
-6321 9854.9 42330.1 2385.45 4720 -2083 
-5880 8779.82 41181.6 2385.45 4720 -2032 
-5733 7883.92 39376.8 2385.45 4800 -2031 
-6909 6629.66 39048.7 2385.45 4800 -2031 
-7791 5912.94 40033.1 2385.45 4800 -2031 
-8673 6450.48 39869 2385.45 4800 -2031 
-9849 6808.84 40361.2 2385.45 4800 -2031 
-10437 7883.92 41673.8 2385.45 4800 -2031 
-9996 9854.9 43642.6 2385.45 4800 -1980 
-9114 12363.4 44791.1 2385.45 4800 -2031 
-8526 14155.2 46103.7 2385.45 4800 -1980 
-8085 15767.8 48564.7 2385.45 4800 -2031 
-7056 17918 52010.2 2385.45 4800 -2031 
-5439 19889 54143.1 2385.45 4800 -2031 
-3822 20605.7 54143.1 2385.45 4800 -2031 
-2352 20964.1 53486.8 2385.45 4800 -2031 
-294 21143.2 52830.5 2385.45 4800 -1980 
1764 21322.4 52994.6 2385.45 4800 -2031 
3528 20784.9 52830.5 2385.45 4800 -2031 
4998 19172.3 51846.1 2385.45 4800 -2031 
5439 18097.2 51025.8 2385.45 4880 -1979 
5145 17380.5 50697.6 2385.45 4800 -1980 
4263 17559.6 50697.6 2385.45 4800 -1980 
3087 18276.4 51682 2385.45 4800 -1980 
2352 18634.7 52502.4 2385.45 4800 -1980 
1911 19530.6 53322.8 2308.5 4800 -1929 
1764 20605.7 53979 2385.45 4800 -1980 
1764 22397.5 55455.7 2385.45 4800 -1929 
1911 24010.1 57260.4 2385.45 4800 -1929 
2205 25622.7 58901.1 2385.45 4800 -1980 
2793 27056.2 60213.7 2385.45 4800 -1929 
3528 28131.3 61198.1 2385.45 4800 -1929 
4851 27593.7 61690.3 2308.5 4800 -1878 
6468 27056.2 62346.6 2308.5 4800 -1878 
8379 26518.6 62510.7 2231.55 4720 -1828 
9702 25801.9 61362.2 2231.55 4720 -1828 
10731 25264.4 59885.5 2231.55 4720 -1777 
11907 25622.7 58901.1 2154.6 4640 -1778 
13083 25264.4 57916.7 2154.6 4640 -1778 
13965 25981.1 58080.8 2231.55 4640 -1778 
14847 27414.5 58573 2231.55 4640 -1778 
15876 28310.4 59229.3 2231.55 4640 -1778 
16317 29206.3 60213.7 2308.5 4720 -1828 
