-0 0 -0 0.0109935 0 -0.0178797 
-0 0 0.000451988 3.56931e-05 0 0.00479305 
-0 0 1.67403e-05 3.56931e-05 0 0.000430836 
2.04125 4.43716 1.2954 0.00624629 0 0 
2.6151 1.09699 0.370178 -0 0.0175095 0.0680923 
1.17193 0.633608 0.677715 -0.00374777 -3.43323e-05 5.31814e-05 
0.969394 1.53519 1.55325 0.00735277 -0.0404434 -0.000739154 
1.99667 2.49127 2.3947 -0.0819156 -3.43323e-05 -0.0650031 
2.93425 3.17269 3.35717 0.000999406 -3.43323e-05 -0.0957002 
3.95213 3.97865 4.01764 3.56931e-05 -3.43323e-05 -0.00140089 
4.8599 4.90539 4.84168 -0 -3.43323e-05 -6.73182e-07 
5.63042 5.59216 5.69679 0.000142772 -3.43323e-05 -6.73182e-07 
6.47661 6.33987 6.4263 3.56931e-05 -0.0788612 0.0356672 
7.3157 7.29072 7.23606 3.56931e-05 0 0.0948379 
8.11565 7.95666 7.99957 3.56931e-05 0 0.0650563 
8.88504 8.82659 8.72401 3.56931e-05 0.0140076 -0.0884776 
9.68387 9.55813 9.66053 -0.00374777 0 -0.00802433 
10.3592 10.4278 10.4143 -0.0340155 -0.0373878 0.0144 
11.1676 11.1087 11.2675 -0.0215229 0.00267792 -0.0885382 
11.8331 11.855 12.123 -0.0523974 0 0 
12.6567 12.6719 12.9187 0.000999406 0 -0.000215418 
13.3576 13.4099 13.4675 0.00267698 0.0166512 0.000380348 
13.9599 14.0754 14.0973 -7.13861e-05 -3.43323e-05 0.0396363 
14.796 14.6787 14.7377 -0.0640334 -0.0306587 -0.000601151 
15.5551 15.3441 15.3706 3.56931e-05 -3.43323e-05 -0.0056554 
16.1555 15.9833 15.9944 -0 -3.43323e-05 0.000214745 
16.7774 16.6823 16.7057 -0.00724569 -3.43323e-05 5.31814e-05 
17.5036 17.4175 17.3761 -0.00142772 -3.43323e-05 -0.0650031 
18.1231 18.0372 17.9465 -0.0229863 -3.43323e-05 5.31814e-05 
18.7595 18.6617 18.7184 -0.0226294 -3.43323e-05 0.0262265 
19.4339 19.2839 19.3145 -0.030125 -3.43323e-05 5.31814e-05 
20.1411 20.0523 19.9011 0.00910173 -3.43323e-05 -0.0650031 
20.7721 20.8888 20.7079 -0 -3.43323e-05 5.31814e-05 
21.401 21.5216 21.5743 0.00546104 -3.43323e-05 0.0165865 
22.0758 22.0808 22.2335 0.0110649 -3.43323e-05 -0.0201423 
22.7032 22.8329 22.8987 -0.0174539 -3.43323e-05 -0.0585406 
23.3499 23.4989 23.4495 0.0457228 -3.43323e-05 0.00565405 
24.1051 24.0641 24.1105 3.56931e-05 -3.43323e-05 -0.0645723 
24.8054 24.8299 24.6789 0.0219869 -3.43323e-05 0.0262265 
25.4015 25.2949 25.4834 0.0218085 -3.43323e-05 -0.0650031 
26.0627 25.9807 26.048 -0 -3.43323e-05 5.31814e-05 
26.5606 26.5215 26.6023 3.56931e-05 -0.0276031 -0.0637665 
27.3072 27.24 27.2594 0.00399762 -0.000102997 5.1835e-05 
27.9351 27.7424 27.6963 0.000285545 -0.0589828 0.0155384 
28.4457 28.2905 28.17 -0.0387984 -3.43323e-05 5.31814e-05 
28.9343 28.9018 28.6825 3.56931e-05 -3.43323e-05 5.31814e-05 
29.5287 29.45 29.4705 0.0420107 -3.43323e-05 0.000107036 
30.1517 29.9616 30.081 3.56931e-05 -0.00113297 3.16395e-05 
30.5583 30.6096 30.5984 -0.000178465 -3.43323e-05 0.0358665 
31.0608 31.1967 31.2378 3.56931e-05 -3.43323e-05 5.31814e-05 
31.7271 31.7387 31.9566 0.000321238 -3.43323e-05 5.31814e-05 
32.2701 32.3564 32.3726 -0.0800239 -3.43323e-05 5.31814e-05 
32.7132 32.9477 32.7938 0.01931 -3.43323e-05 5.31814e-05 
33.2519 33.388 33.4756 -0.00724569 -3.43323e-05 5.31814e-05 
33.8636 33.8509 33.9316 0.0169185 -3.43323e-05 5.31814e-05 
34.3501 34.5022 34.3434 0.000499703 -3.43323e-05 0.0262265 
34.8278 34.8678 34.9718 0.0147769 -0.00394821 -0.0253891 
35.4034 35.3889 35.4562 0.0358358 -0.0166512 -0.000326493 
36.0329 35.7765 35.7795 3.56931e-05 -0.0167198 0.000102997 
36.4269 36.1991 36.2761 -0 -0.00477219 -3.97177e-05 
36.9562 36.8203 36.6252 0.0431172 -0.000205994 4.98155e-05 
37.3959 37.2882 37.0818 -0.0403689 -3.43323e-05 -0.0585406 
37.8059 37.6893 37.7304 0.0253421 -3.43323e-05 5.31814e-05 
38.1526 38.1374 38.1533 -0.0398692 -3.43323e-05 5.31814e-05 
38.6771 38.5339 38.5526 -0.00596074 -3.43323e-05 5.31814e-05 
39.0789 39.038 39.0277 0.0419394 0 5.38545e-05 
39.3337 39.4555 39.4525 0.0132064 -0.000961304 3.50055e-05 
39.7981 39.8247 39.6768 -0 0.0303154 0.000648274 
40.2031 40.2339 40.2963 0.0199524 -0.00181961 1.81759e-05 
40.5581 40.5772 40.6616 3.56931e-05 0.000171661 5.72205e-05 
40.9418 41.0327 41.1065 3.56931e-05 0.00940704 0.000238306 
41.3393 41.4454 41.4606 0.000785248 0 5.38545e-05 
41.6283 41.7404 41.6526 0.003605 -0.000652313 4.10641e-05 
41.9712 42.1641 42.1071 -0.0319453 0 5.38545e-05 
42.2728 42.4084 42.5021 0.0284117 0 5.38545e-05 
42.6526 42.7189 42.8498 3.56931e-05 0 5.38545e-05 
43.0087 42.9758 43.1539 3.56931e-05 0 5.38545e-05 
43.2752 43.2502 43.24 3.56931e-05 0.0414391 0.000866385 
43.5601 43.5227 43.4941 0.0414397 -0.0559616 -0.00104343 
43.8917 43.8337 43.8238 -0.00374777 0 5.38545e-05 
44.2626 44.101 43.7408 0.0245925 0 5.38545e-05 
44.3964 44.3584 44.2899 -0.0461868 0 5.38545e-05 
44.736 44.5764 44.673 0.00810233 0 0.0590246 
44.9234 44.7917 44.8163 3.56931e-05 0 0 
45.1222 45.0147 45.0314 -0.0551458 -3.43323e-05 0.000753291 
45.3467 45.2878 45.2364 0.081987 -3.43323e-05 -6.73182e-07 
45.4705 45.4332 45.4763 0.0262344 -0.00188828 -0.000198589 
45.706 45.7154 45.7343 3.56931e-05 -3.43323e-05 -6.73182e-07 
45.8596 45.8858 46.1886 -0.0199524 -0.0168571 -0.000330532 
45.9514 46.1301 46.0894 3.56931e-05 0 0 
46.2065 46.1897 46.1804 -0.0478644 0.00607681 0.000119153 
46.2053 46.4754 46.414 0.00638906 0 0.0165872 
46.3654 46.5433 46.4033 0.000499703 0.0105057 0.000259848 
46.5163 46.5699 46.7041 0.0371565 -0.0487175 -0.00122452 
46.6456 46.6551 46.7555 3.56931e-05 0 0 
46.8644 46.8089 47.0667 3.56931e-05 0 0 
46.9849 46.9167 47.0204 -0.0030696 -0.00614548 -6.6645e-05 
46.965 46.9803 46.9719 3.56931e-05 -3.43323e-05 -6.73182e-07 
47.0649 47.0297 46.8758 0.000142772 0 0.0634407 
46.9825 47.0658 46.8625 -0.0303391 0 -0.00511618 
47.0997 47.1108 46.9124 0.00638906 0 -0.000107709 
47.2426 47.0874 47.03 -0.0818799 0.000171661 -5.04886e-05 
47.2705 47.1203 47.06 0.00239144 0.00250626 -4.71227e-06 
47.2696 47.029 47.1303 3.56931e-05 0 0 
47.2273 47.1337 47.078 -0.0524688 -0.0131836 -0.000258502 
47.1031 47.0256 47.1954 3.56931e-05 0 -0.0612326 
47.1173 47.0657 46.9058 -0.0430815 0 -0.00624713 
46.9505 47.0699 47.0436 3.56931e-05 0 0 
47.0656 47.0091 46.8962 3.56931e-05 0 -0.0416296 
46.9723 46.8999 47.026 3.56931e-05 0 0 
46.8149 46.8471 46.9025 3.56931e-05 0 0 
46.83 46.8478 46.8532 3.56931e-05 -3.43323e-05 -0.0631182 
46.6109 46.7177 46.8443 3.56931e-05 -0.0378342 -0.00526563 
46.4965 46.618 46.5346 3.56931e-05 -3.43323e-05 -6.73182e-07 
46.4193 46.461 46.6422 3.56931e-05 0.0413704 0.000811184 
46.2469 46.3805 46.3973 3.56931e-05 -0.0301781 -0.000591727 
46.253 46.2917 46.3037 3.56931e-05 0.0179901 -0.0386379 
46.062 46.2101 46.1081 3.56931e-05 -0.000995636 -1.95223e-05 
45.8679 45.9205 45.7795 3.56931e-05 0.00614548 0.0030825 
45.7626 45.8063 45.7466 3.56931e-05 0.0241356 -0.0342629 
45.4364 45.5908 45.4919 3.56931e-05 -0.0105743 -0.0888519 
45.3029 45.3073 45.4186 3.56931e-05 0.00930405 0.000182432 
45.1268 45.0189 45.088 3.56931e-05 -0.00614548 -0.00539825 
44.8165 44.826 44.7429 0.000285545 -3.43323e-05 -6.73182e-07 
44.6973 44.6552 44.5946 3.56931e-05 -0.00614548 -0.0205852 
44.4053 44.3409 44.177 3.56931e-05 -0.00614548 -0.00227468 
44.1427 44.0685 44.0391 3.56931e-05 -0.00442886 -0.0648739 
43.895 43.7297 43.7382 3.56931e-05 -3.43323e-05 -0.0236967 
43.5364 43.4328 43.3738 3.56931e-05 0.0368385 0.000776179 
43.2538 43.2474 43.2473 3.56931e-05 -0.0100937 -0.000197915 
43.0244 42.9386 42.8555 3.56931e-05 0.0769043 0.00150793 
42.6634 42.6126 42.6726 3.56931e-05 0.0448036 0.000878502 
42.3649 42.3118 42.3443 3.56931e-05 -0.0252686 0.00230497 
41.9831 42.093 41.9792 0.0109935 -3.43323e-05 -0.0175573 
41.6625 41.7856 41.8206 3.56931e-05 -6.86646e-05 -0.00140156 
41.3414 41.4136 41.3062 3.56931e-05 0.022728 0.000445646 
40.9904 40.9742 41.0171 3.56931e-05 -3.43323e-05 -0.000862346 
40.5866 40.6143 40.6465 3.56931e-05 0.0251656 0.000493442 
40.2518 40.2465 40.2044 3.56931e-05 -0.0293884 -0.000199262 
39.9238 39.8544 39.8722 3.56931e-05 0.0787582 0.125248 
39.3626 39.3949 39.4241 -0 0.0132866 -0.0174576 
38.9707 39.0003 38.976 -7.13861e-05 0.0184021 0.09843 
38.6392 38.5616 38.7033 -0.023022 0 0.08886 
38.1398 38.1855 38.1557 -0.0383344 0 -0.0214341 
37.6713 37.6687 37.6832 -0.0108864 0 0.002962 
37.2921 37.248 37.3475 -0.000785248 0 0.011094 
36.8027 36.7938 36.6731 0.0187746 0 -0.0646793 
36.2616 36.2456 36.1976 -0.0356931 0 5.38545e-05 
35.8941 35.7576 35.8476 0.02163 0 0.0255271 
35.4698 35.2785 35.1075 3.56931e-05 0 5.38545e-05 
34.8668 34.7289 34.6718 0.0301963 0 5.38545e-05 
34.3117 34.2715 34.4017 3.56931e-05 0 5.38545e-05 
33.8855 33.7685 33.7729 3.56931e-05 0 5.38545e-05 
33.3306 33.3172 33.2358 0.00367639 0 5.38545e-05 
32.6827 32.7869 32.8286 -0.0430102 0 5.38545e-05 
32.2709 32.2618 32.3409 0.000142772 0 5.38545e-05 
31.7967 31.7696 31.7039 -0.0109221 0 5.38545e-05 
31.193 31.34 31.2647 3.56931e-05 0 0.00150793 
30.5747 30.6822 30.8625 3.56931e-05 0 5.38545e-05 
30.0452 30.1335 30.1755 3.56931e-05 0 0.000753964 
29.484 29.5307 29.5706 3.56931e-05 0 -0.0585399 
28.869 28.9525 29.1379 3.56931e-05 0 0 
28.2197 28.3204 28.6078 3.56931e-05 0 0 
27.758 27.7234 27.7419 3.56931e-05 0 -0.000215418 
27.145 27.1374 26.9768 3.56931e-05 0 0.0586476 
26.5133 26.543 26.4455 3.56931e-05 0 0.000753964 
25.8579 25.8785 25.8768 3.56931e-05 0 5.38545e-05 
25.2762 25.2554 25.1797 3.56931e-05 0 -0.0394754 
24.6487 24.6147 24.4794 3.56931e-05 0 5.38545e-05 
24.0937 24.0356 23.9125 3.56931e-05 0 5.38545e-05 
23.3938 23.2605 23.2991 3.56931e-05 0 0.0435145 
22.7003 22.7056 22.5412 3.56931e-05 0 5.38545e-05 
22.047 21.9785 21.7864 3.56931e-05 0 5.38545e-05 
21.465 21.3077 21.2684 3.56931e-05 0 5.38545e-05 
20.8326 20.7072 20.696 3.56931e-05 0 0 
20.1146 20.0426 20.1393 3.56931e-05 0 0 
19.4363 19.337 19.3988 3.56931e-05 0 0 
18.6913 18.6505 18.6538 3.56931e-05 0 0 
18.0269 17.9731 18.0836 3.56931e-05 0 0 
17.3365 17.3662 17.4245 3.56931e-05 0 0 
16.6626 16.6287 16.8243 3.56931e-05 0 5.38545e-05 
15.9502 16.009 16.1935 3.56931e-05 0 5.38545e-05 
15.2087 15.2791 15.5006 -0.00349792 0 5.38545e-05 
14.5895 14.5568 14.6824 -0 0 5.38545e-05 
13.806 13.823 13.8295 -0.00182035 0 5.38545e-05 
13.0589 13.1848 13.0844 -0 0 0.026281 
12.4346 12.5232 12.3408 -0 0 5.38545e-05 
11.698 11.765 11.6144 -0 0 5.38545e-05 
11.1222 10.9154 10.9675 -0 0 5.38545e-05 
10.3281 10.3058 10.2232 -0 0 5.38545e-05 
9.62232 9.48354 9.5206 -0 0 -0.0340899 
9.04179 8.77079 8.68991 -0 0 -0.027412 
8.29186 8.04497 7.89091 -0 0 0 
7.47091 7.30636 7.1843 -0 0 -0.0585399 
6.7232 6.57181 6.47107 -0 0 0.0428144 
5.8627 5.93852 5.76513 -0 0 0.00285429 
5.09554 5.10894 5.18795 -0 0 -0.00565473 
4.24369 4.38438 4.48458 -0 0 0.053693 
3.55787 3.74098 3.78959 -0 0 0.000969382 
2.86127 2.98401 3.06944 -0 0 5.38545e-05 
2.18632 2.30585 2.31796 -0 0 0.000430836 
1.43755 1.43376 1.56577 -0 0 -0.0557395 
0.668335 0.740664 0.811218 -0 0 0.0613403 
-0.0143308 0.016325 0.05911 -0 0 0.123704 
-0.311223 -0.513631 -0.454047 -0 0 0 
-0.896301 -1.29807 -1.2551 -0.0109578 0.0383492 0.000751944 
-1.82973 -2.04038 -2.05459 0.00121356 -0.00188828 -3.7025e-05 
-2.65669 -2.83481 -2.80208 0.0147769 -0.0162735 -0.000319088 
-3.38413 -3.55083 -3.56189 3.56931e-05 -3.43323e-05 -6.73182e-07 
-4.27108 -4.41769 -4.46198 3.56931e-05 -0.0162735 -0.000319088 
-5.09814 -5.14502 -5.2861 3.56931e-05 -0.000961304 -1.88491e-05 
-5.8724 -5.83332 -5.86646 3.56931e-05 -0.0105743 -0.00020734 
-6.57238 -6.71436 -6.58446 3.56931e-05 -3.43323e-05 -6.73182e-07 
-7.42465 -7.35041 -7.43161 3.56931e-05 -3.43323e-05 -6.73182e-07 
-8.18154 -8.12423 -8.04594 3.56931e-05 -3.43323e-05 0.0975299 
-8.85358 -8.83557 -8.83833 0.0272695 -3.43323e-05 5.31814e-05 
-9.62875 -9.59782 -9.47505 0.00731708 -3.43323e-05 0.0165865 
-10.3035 -10.322 -10.3037 0.0817371 -3.43323e-05 -5.45277e-05 
-11.1445 -11.1094 -11.0736 0.027912 -3.43323e-05 -6.73182e-07 
-11.8366 -11.7253 -11.8583 0.0388698 -3.43323e-05 0.0110934 
-12.543 -12.4147 -12.5825 0.0387984 -3.43323e-05 0.000861 
-13.3473 -13.2271 -13.2805 -0.0363712 -3.43323e-05 -0.0585406 
-14.0117 -14.0322 -14.0281 -0 -3.43323e-05 5.31814e-05 
-14.7816 -14.6277 -14.6628 0.0314813 -3.43323e-05 0.00813136 
-15.4331 -15.3001 -15.3485 -0 -3.43323e-05 0.00533093 
-16.0735 -15.9988 -16.0498 -0 -3.43323e-05 -0.0323134 
-16.7742 -16.6888 -16.7557 -0.000321238 -3.43323e-05 0.0168558 
-17.4276 -17.3443 -17.5126 -0.0168114 -3.43323e-05 5.31814e-05 
-18.1468 -18.0635 -18.1999 -0.00189173 -3.43323e-05 0.0110395 
-18.8689 -18.7629 -18.8453 0.0276621 -3.43323e-05 -0.0977467 
-19.4962 -19.4867 -19.3977 -0 -3.43323e-05 -0.0253662 
-20.1982 -20.2894 -20.0426 0.00845926 -3.43323e-05 0.0238569 
-20.8157 -20.8103 -20.8129 -0 -3.43323e-05 -0.0268741 
-21.4704 -21.3491 -21.564 -0.0293754 -3.43323e-05 0.0165865 
-22.0925 -22.1574 -22.1921 -0 -3.43323e-05 -6.73182e-07 
-22.8204 -22.88 -22.6342 -0 -3.43323e-05 -6.73182e-07 
-23.5104 -23.3804 -23.3132 -0.00628198 -3.43323e-05 -6.73182e-07 
-24.0313 -24.1222 -24.1818 -0 -3.43323e-05 -6.73182e-07 
-24.7224 -24.6451 -24.751 -0 -3.43323e-05 0.0255264 
-25.3995 -25.3373 -25.3406 -0 -3.43323e-05 5.31814e-05 
-25.9161 -25.9661 -25.9454 -0.00628198 -3.43323e-05 -6.73182e-07 
-26.6635 -26.5666 -26.574 -0.00328376 -3.43323e-05 0.0331737 
-27.148 -27.1078 -27.2377 -0 -3.43323e-05 0.000107036 
-27.8056 -27.7522 -27.7806 -0 -3.43323e-05 0.000430163 
-28.3059 -28.3456 -28.2633 -0 -3.43323e-05 -0.002101 
-29.0063 -28.9071 -28.9105 0.0431172 -3.43323e-05 5.31814e-05 
-29.5283 -29.4987 -29.6221 -0 -3.43323e-05 0.0110934 
-30.0866 -30.1512 -30.06 -0 -3.43323e-05 0.00150725 
-30.5979 -30.6271 -30.5269 -0 -3.43323e-05 0.000107036 
-31.2595 -31.2324 -31.2032 -0 -3.43323e-05 -0.0648954 
-31.7606 -31.7372 -31.7608 -0 -3.43323e-05 5.31814e-05 
-32.2861 -32.2899 -32.1587 -0 -3.43323e-05 5.31814e-05 
-32.8245 -32.8139 -32.8314 -0 -3.43323e-05 5.31814e-05 
-33.4341 -33.401 -33.4295 -0 -3.43323e-05 5.31814e-05 
-33.8111 -33.8438 -33.8855 -0 -3.43323e-05 0.00522322 
-34.3806 -34.3824 -34.3184 -0 -3.43323e-05 -0.0980698 
-34.8845 -34.8947 -34.879 -0 -3.43323e-05 5.31814e-05 
-35.3594 -35.3916 -35.3648 -0 -3.43323e-05 5.31814e-05 
-35.8271 -35.8867 -35.7961 -0 -3.43323e-05 5.31814e-05 
-36.3485 -36.3966 -36.4832 -0 -3.43323e-05 5.31814e-05 
-36.8252 -36.7941 -36.8457 -0 -3.43323e-05 5.31814e-05 
-37.2707 -37.2624 -37.343 -0 -3.43323e-05 5.31814e-05 
-37.6657 -37.7653 -37.7776 -0 -3.43323e-05 5.31814e-05 
-38.23 -38.1831 -38.2151 -0 -3.43323e-05 5.31814e-05 
-38.595 -38.7084 -38.5715 -0 -3.43323e-05 5.31814e-05 
-38.9839 -39.0351 -39.1202 -0 -3.43323e-05 5.31814e-05 
-39.4516 -39.3992 -39.4552 -0 -3.43323e-05 5.31814e-05 
-39.818 -39.8455 -39.8855 -0 -3.43323e-05 5.31814e-05 
-40.132 -40.2192 -40.3418 -0 -0.000274658 4.84691e-05 
-40.6357 -40.5687 -40.4193 -0 -3.43323e-05 5.31814e-05 
-40.9444 -40.8978 -40.8895 -0 -3.43323e-05 5.31814e-05 
-41.3196 -41.3281 -41.3291 -0 -3.43323e-05 -6.73182e-07 
-41.7532 -41.6798 -41.4182 -0 -3.43323e-05 -6.73182e-07 
-42.0296 -42.0361 -41.9831 -0 -3.43323e-05 0.0262265 
-42.3253 -42.3357 -42.3038 -0 -3.43323e-05 -0.0650031 
-42.7604 -42.6693 -42.5957 -0 -3.43323e-05 5.31814e-05 
-42.958 -42.9369 -42.9499 -0 -3.43323e-05 5.31814e-05 
-43.2362 -43.266 -43.2006 -0 -3.43323e-05 5.31814e-05 
-43.5254 -43.5441 -43.6081 -0 -3.43323e-05 5.31814e-05 
-43.8533 -43.935 -43.8918 -0 -3.43323e-05 5.31814e-05 
-44.1239 -44.104 -44.1371 -0 -3.43323e-05 5.31814e-05 
-44.4133 -44.4317 -44.6498 -0 -3.43323e-05 5.31814e-05 
-44.5304 -44.6447 -44.7483 -0 -3.43323e-05 -6.73182e-07 
-44.8764 -44.9695 -44.918 -0 -0.000102997 -2.01955e-06 
-45.1058 -45.1318 -45.097 3.56931e-05 -3.43323e-05 -0.0303208 
-45.2611 -45.2898 -45.2338 3.56931e-05 -3.43323e-05 -6.73182e-07 
-45.482 -45.5204 -45.5739 3.56931e-05 -3.43323e-05 -6.73182e-07 
-45.6596 -45.6827 -45.7335 -0.0588222 -3.43323e-05 -0.0177188 
-45.8605 -45.8746 -45.9954 0.0138132 -3.43323e-05 0.0262265 
-46.087 -46.0577 -46.0541 3.56931e-05 -3.43323e-05 -0.0330135 
-46.1276 -46.2139 -46.119 0.0496848 -3.43323e-05 -0.123543 
-46.3629 -46.2755 -46.2209 3.56931e-05 -3.43323e-05 0.0125474 
-46.4734 -46.4563 -46.2081 3.56931e-05 -3.43323e-05 0.00016089 
-46.6315 -46.5367 -46.5164 0.0163474 -3.43323e-05 -0.0568711 
-46.7552 -46.6495 -46.5543 0.00228436 -3.43323e-05 -0.0649493 
-46.8333 -46.7123 -46.7422 3.56931e-05 -3.43323e-05 0.0365666 
-46.8968 -46.8581 -46.8464 3.56931e-05 -3.43323e-05 0.06344 
-47.004 -46.9029 -46.9577 3.56931e-05 -3.43323e-05 0.00823907 
-47.0026 -46.9576 -47.1701 3.56931e-05 -3.43323e-05 0.0876745 
-47.0639 -47.0703 -47.0524 3.56931e-05 -3.43323e-05 0.0198717 
-47.1053 -47.1214 -47.1811 3.56931e-05 -3.43323e-05 -0.0056554 
-47.1276 -47.2253 -47.1083 0.000142772 -3.43323e-05 0.0424367 
-47.1622 -47.1544 -47.2722 0.0178108 -3.43323e-05 -0.0109331 
-47.1827 -47.2831 -47.3291 -0.0270197 -3.43323e-05 0.000322454 
-47.1053 -47.2066 -47.2828 0.0431172 -3.43323e-05 5.31814e-05 
-47.1108 -47.2879 -47.3218 -0.00189173 -3.43323e-05 5.31814e-05 
-47.0619 -47.1115 -47.0869 0.018025 0 5.38545e-05 
-47.0542 -47.1375 -47.2005 -0 0 5.38545e-05 
-47.0188 -47.0079 -46.9393 -0 0 5.38545e-05 
-46.9822 -47.0131 -46.9094 -0 0 5.38545e-05 
-46.9131 -46.8575 -46.6948 -0 0 5.38545e-05 
-46.7951 -46.707 -46.6646 -0 0 5.38545e-05 
-46.7525 -46.5976 -46.5044 -0 0 5.38545e-05 
-46.5839 -46.4722 -46.359 -0 0 0 
-46.5208 -46.4374 -46.3267 -0 0 0 
-46.3723 -46.2042 -46.151 -0 0 0 
-46.2141 -46.0887 -46.124 -0 0 0 
-46.0754 -45.9255 -45.9125 -0 0 0 
-45.9515 -45.8241 -45.7732 -0 0 0.0634407 
-45.6322 -45.6451 -45.651 -0 0 0 
-45.4526 -45.435 -45.2785 -0 0 0 
-45.2759 -45.2746 -45.3433 -0 0 0 
-44.9695 -45.1336 -45.1129 -0 0 0 
-44.8334 -44.8054 -44.9334 -0 0 -0.0525082 
-44.5779 -44.656 -44.7381 -0 0 0 
-44.369 -44.4551 -44.4866 -0 0 -0.0233729 
-44.1898 -44.2097 -44.3881 3.56931e-05 0 -0.0787354 
-43.8586 -44.0892 -43.9686 3.56931e-05 0 5.38545e-05 
-43.6095 -43.7548 -43.7556 3.56931e-05 0 5.38545e-05 
-43.3311 -43.4221 -43.5117 3.56931e-05 0 5.38545e-05 
-42.9801 -43.0909 -43.0231 3.56931e-05 0 5.38545e-05 
-42.7487 -42.7155 -42.7029 3.56931e-05 0 -0.0260117 
-42.5001 -42.3589 -42.3019 3.56931e-05 0 0 
-42.1375 -41.9287 -41.9345 3.56931e-05 0 0 
-41.8097 -41.564 -41.603 3.56931e-05 0 -0.0632791 
-41.3953 -41.0585 -41.119 3.56931e-05 0 5.38545e-05 
-41.0202 -40.7241 -40.8711 0.0273409 0 0.00150793 
-40.6466 -40.3317 -40.5006 3.56931e-05 0 5.38545e-05 
-40.2034 -40.0578 -40.0382 3.56931e-05 0 5.38545e-05 
-39.7109 -39.6876 -39.6895 3.56931e-05 0 5.38545e-05 
-39.3461 -39.3202 -39.0509 3.56931e-05 0 5.38545e-05 
-38.9097 -38.9864 -38.8243 3.56931e-05 0 5.38545e-05 
-38.4868 -38.6231 -38.5734 3.56931e-05 0 0.0339822 
-38.1193 -38.122 -38.1483 0.000999406 0 0.000161564 
-37.6778 -37.8654 -37.856 0.0405116 0 5.38545e-05 
-37.1898 -37.4861 -37.4199 0.000535396 0 5.38545e-05 
-36.8031 -37.0539 -36.6568 0.0431172 0 5.38545e-05 
-36.412 -36.5367 -36.3902 0.0277335 0 5.38545e-05 
-35.859 -35.9422 -36.1327 3.56931e-05 0 0.0324204 
-35.4422 -35.4287 -35.4276 0.0192386 0 0 
-35.0388 -34.9413 -35.0317 -0 0 0 
-34.5206 -34.3778 -34.4865 0.0420464 0 0 
-33.9228 -33.8539 -33.7725 0.0814873 0 0 
-33.446 -33.3339 -33.1746 0.0258061 0 0 
-32.9072 -32.766 -32.8221 -0.00778109 0 -0.0253655 
-32.3228 -32.186 -32.115 0.027091 0 0 
-31.7843 -31.6683 -31.5674 -0.0109578 0.00333023 -0.000527101 
-31.2269 -31.0802 -31.0257 -0.0586794 0 0 
-30.6897 -30.4322 -30.5062 0.0643189 0 0 
-30.0318 -29.9406 -29.8396 -0.0439025 0 0 
-29.4268 -29.3759 -29.3038 -0.000178465 0 0 
-28.6887 -28.8137 -28.976 -0.000892327 0 -0.000646255 
-28.2338 -28.2898 -28.2958 -0.0109221 0 0 
-27.6106 -27.7194 -27.5922 -0.000428317 0 0 
-26.9621 -27.1669 -27.0731 -0 0 0 
-26.5302 -26.5314 -26.6725 -0 0 0 
-25.9127 -26.0407 -25.9787 0.0431172 0 0 
-25.3266 -25.3244 -25.3239 -0.00364069 0 0 
-24.6358 -24.7311 -24.7597 0.0819513 0 0 
-24.0303 -24.0673 -24.1989 -0 0 0 
-23.4517 -23.4885 -23.5321 0.0219869 0 -0.0645716 
-22.7975 -22.7419 -22.7121 0.0198097 6.86646e-05 -0.0109311 
-22.4049 -21.9927 -21.9337 -0.00346223 0 0 
-21.6962 -21.4267 -21.1411 0.0387627 0 0 
-20.96 -20.7692 -20.6833 -0.0425461 0 0.0421143 
-20.185 -19.9897 -20.0412 -0 0 -0.000107709 
-19.392 -19.2919 -19.2248 -0.0419394 0 -0.000107709 
-18.6848 -18.6644 -18.5358 -0 0 -0.0321512 
-17.9659 -17.9971 -17.897 -0.0191315 0 0 
-17.1725 -17.3493 -17.2523 -0 0 0.08886 
-16.4336 -16.7663 -16.6753 -0.00481856 0 0.000484691 
-15.7508 -16.07 -15.9732 -0.017561 0 -0.0650024 
-15.0052 -15.3396 -15.3378 -0 0 0 
-14.3504 -14.6632 -14.5162 0.081987 0 -0.0421681 
-13.8267 -13.8799 -13.9822 -0 0 0.000430836 
-13.1627 -13.1487 -13.2899 -0.00203451 0 5.38545e-05 
-12.5129 -12.5183 -12.5723 -0.032445 3.43323e-05 5.45277e-05 
-11.8423 -11.7971 -11.7979 -0 0 -0.0629021 
-11.1628 -11.0133 -11.0793 0.0321952 0 -0.0532621 
-10.3854 -10.2187 -10.2459 -0.00228436 0 5.38545e-05 
-9.69043 -9.58499 -9.57542 -0 0 0.0886446 
-8.99102 -8.74473 -8.80724 3.56931e-05 0 0.00813204 
-8.20139 -8.0911 -7.95956 -0 0.0371475 0.0638459 
-7.41254 -7.26311 -7.20556 0.000999406 0 0 
-6.62491 -6.65849 -6.46886 -0.026163 0 0 
-5.98383 -5.85982 -5.76146 3.56931e-05 0 0.0714111 
-5.13331 -5.15114 -5.13382 -0.00863772 -0.0404434 -0.00984057 
-4.40445 -4.50697 -4.39147 3.56931e-05 0 0 
-3.76349 -3.72023 -3.68538 -0.0689233 0.00470352 9.22259e-05 
-2.97453 -2.97688 -3.05239 -0.0320881 0.000652313 -0.0326769 
-2.12666 -2.21696 -2.39693 3.56931e-05 0 0 
